0 0.0 0.0 0.0
1 -0.06219394266190292 -0.20934623529531216 -0.4337914568297663
2 -0.1681534873893612 -0.6247010825087127 -1.1173080369059107
3 -0.27231661469011936 -0.050558130169456206 -1.1528683706110527
4 -0.4440765877397618 1.7436973337845139 -0.37783115078886453
5 -0.4999137437960891 2.226443596933775 -0.1911319606041033
6 -0.4553690313860842 2.316422942668135 -0.075367842573975
7 -0.41008655193007837 2.517970784660889 0.1662179387704512
8 -0.3522462603422164 2.75474843876194 0.412415375816515
9 -0.31636557128755893 3.057998037034425 0.5989812244010011
10 -0.29403520326705046 3.2590241938366606 0.6687749380371244
11 -0.21892405469152731 3.313776406671124 0.7416568078354331
12 -0.07255056681052352 3.2315755149333647 0.8303365544926393
13 0.023926754687146 2.998433060460407 0.9634817989618014
14 0.010470261670331382 2.6185577625507683 1.3078199719374979
15 -0.0818403324567214 2.066402276181023 1.775733656270738
16 -0.12509366013725653 1.3361813307588264 2.012511714079075
17 -0.0752133005070732 0.7346125030786776 2.075283855860725
18 -0.12215502174253956 0.6102216074067002 2.1457111845038312
19 -0.24132681396404376 0.7815349470457456 2.1159854383392727
20 -0.34319976077791037 1.0692370573751688 1.9254615842412832
21 -0.39335040879140604 1.430335499488173 1.5659104359306255
22 -0.46364232513748516 1.7860988882906454 1.0828326575931868
23 -0.5057444090858568 2.0116168242598143 0.6449726417742312
24 -0.5270132858869517 2.1554115379422285 0.21415582756113594
25 -0.5802559721156407 2.322299412166604 -0.1652479788293988
26 -0.65125937350685 2.547057057644924 -0.45944262905462807
27 -0.7235714627328492 2.7695664352347507 -0.6386743865560405
28 -0.8142240473705514 2.959857765360315 -0.7798280640668267
29 -0.924669618217724 3.1190888676405812 -0.9325038512704396
30 -0.9843397379846338 3.3193327854270294 -1.002880913894927
31 -1.0579334480753175 3.511664147731654 -1.0477164067317233
32 -1.1723288964616643 3.5068119178930104 -0.9015151233424135
33 -1.2610936344071142 3.0808676264461283 -0.46358654151986656
34 -1.2664683753309163 2.1041666977745734 0.11601089733911607
35 -1.0790553540486592 1.5442086665522723 1.0516757682304814
36 -0.8946991042481224 1.5417531276046432 1.7782233499181288
37 -0.8993168863401629 1.6443013423441037 2.104995571939263
38 -0.9185154120632114 1.934582143929525 2.156125498798417
39 -0.8860447695514148 2.2251863378515093 1.7225306549919637
40 -0.8479381950357877 2.2345077747474527 1.109864492343199
41 -0.8768286433315958 2.4988567495568006 0.8826729016583741
42 -0.9177661509099445 2.7719992618586673 0.7693028628213909
43 -0.8650925161320054 2.962555941767894 0.6869101441973626
44 -0.8298241579841631 3.16409410292302 0.6112705482537137
45 -0.7398317040565098 3.3422246056679885 0.5838414696854812
46 -0.6037123853545233 3.4270294386159748 0.6505927946820904
47 -0.550589086638393 3.438363295393202 0.7464813898175606
48 -0.53022583398921 3.4538613339706785 0.8698065598571034
49 -0.5114238529865035 3.5398939703753314 1.074622029764278
50 -0.5359875604349612 3.6262598722161794 1.241358933093231
51 -0.6068532647520791 3.651896158698815 1.3149236881320547
52 -0.6443439357009347 3.5588541422592748 1.2678158284860785
53 -0.6504879900379629 3.2888316363467816 1.066320531666129
54 -0.6451702094905195 3.0306789183193814 0.8459390366346966
55 -0.6794185749640712 2.89977432656595 0.6227429180401884
56 -0.7416570867677345 2.871802610181838 0.41436077130085636
57 -0.7688065238868093 2.8543610882571 0.28787342661821924
58 -0.7402932150796034 2.7107912417945403 0.35467038180027544
59 -0.7086177128354657 2.182874414319217 0.48056545609057366
60 -0.687502582021697 1.0544199267686416 0.46727041942072844
61 -0.6394076908183878 -0.0020994372274714124 0.49733849979762823
62 -0.5504650684390989 0.236065380593395 0.9078065213100643
63 -0.4293799971599698 1.2987833670401798 1.4243838623830172
64 -0.4314710633855975 2.0133714073742315 1.4283624345932537
65 -0.5534231020627197 2.5573448910160685 1.209047546896052
66 -0.6363164181025277 3.1682221307135094 1.2809330210247367
67 -0.6673051993312563 3.58580251043961 1.4520194822389385
68 -0.6517305500882281 3.8160135361087306 1.5274734782296875
69 -0.5750441769331723 3.7916525472618616 1.420061822648492
70 -0.4721083987579783 3.5196644638419947 1.0977090084815657
71 -0.35078480875678875 3.16329090598175 0.7270152832435244
72 -0.23284225025540917 2.8749770872379727 0.4340576577161741
73 -0.09597548923262167 2.6569154467311122 0.23283130367170912
74 -0.022248981135465584 2.511643838427606 0.0650178931727794
75 0.0010692812989994138 2.44123573171756 -0.04947659972383889
76 0.01790176852113845 2.3645425267102986 -0.1437525053808386
77 0.052522722998983085 2.3219638174662336 -0.22607474530658322
78 0.08546320190297152 2.3635153941917366 -0.27928408022892626
79 0.07559815976500772 2.5146448228660283 -0.3025870294763777
80 0.05785278819024242 2.714827652839423 -0.3180570736666155
81 0.05138684765744017 2.949286666951341 -0.31038523920615546
82 0.04545219052046434 3.1771006881360346 -0.3681869646517626
83 0.05210426987173378 3.3971333802687553 -0.40222254045068695
84 0.047080060080336494 3.611025865523411 -0.39201113199106885
85 0.031848248233050214 3.7705602151197795 -0.4076843369094689
86 0.009741294999258798 3.8528694231630602 -0.4325094303483965
87 -0.02230564421653014 3.843757282800265 -0.41119343414194276
88 -0.025326142518995454 3.776180625340679 -0.3833955291759281
89 -0.04367438382559996 3.717267017291171 -0.3051200040604414
90 -0.1443502545796811 3.646948883087264 -0.09116037093073714
91 -0.3368909321481227 3.3912512663388164 0.2177038498414703
92 -0.4883855833503291 2.9647662540513746 0.5856714685811184
93 -0.5929052114601953 2.485200891331573 0.8936612382885443
94 -0.7638064311120979 2.0306392971245675 1.0578510282805027
95 -0.9072248557232322 1.7637515142895115 1.128942252390523
96 -0.9548041417907528 1.6922959450257906 1.1148306088130866
97 -0.9208846681928337 1.6849256284069902 1.0700164933675396
98 -0.870559911337491 1.6352704860943703 0.9794891604883347
99 -0.8265764966278156 1.6029216926939007 0.9095301626123486
100 -0.8151254953407979 1.5071761438120994 0.8530325617945707
101 -0.7986255106659109 1.3558785628259677 0.9320318129075318
102 -0.7468575535297753 1.23369528274808 1.0499914092660916
103 -0.6766927146351628 1.141953941309982 1.027366352480577
104 -0.5888630154689204 1.1874146621536799 1.0152088577043017
105 -0.5493265767933125 1.3602730595483674 0.9876268801377037
106 -0.4639260048799053 1.556507298125375 0.9240324121878558
107 -0.28542574572106727 1.714479852531003 0.879579077478688
108 -0.12511705595995437 1.8009955851814166 0.8134930515347918
109 0.046312044474351666 1.9199515657213482 0.7044190158073818
110 0.16134408245895315 2.111333155685454 0.5141245138069976
111 0.14356613488952163 2.2935263468094984 0.22506738485828492
112 0.13404879295793037 2.409868059966387 -0.07579202410340713
113 0.14784716277292986 2.463905599686596 -0.34066021879625197
114 0.10861535126294086 2.4733855975007124 -0.57406618941652
115 0.07422483170678262 2.4487213983383764 -0.7811533340932755
116 0.08537972957026341 2.3924554115627643 -0.9160537371089887
117 0.11650681714678868 2.260657296444567 -0.9808170727146219
118 0.12147245728780831 2.0956955932376076 -0.9421173881437497
119 0.14262391607370262 2.014946404545231 -0.9325324497907772
120 0.14200859168134627 2.0180722269672344 -0.9541652368677234
121 0.073462884258511 2.047009502070388 -0.9633000289252323
122 0.013732060601657992 2.049866749416534 -0.9875329421089916
123 -0.02828204596812256 2.0318220039444057 -1.049759545070117
124 -0.02651576942079359 2.023488550912065 -1.0583887349672025
125 -0.02081817873092362 1.9189710521973833 -1.0736521068762173
126 -0.08480449270112089 1.6917495493059995 -1.0643822787574706
127 -0.19949056744884086 1.4040215524215682 -1.0427590131384719
128 -0.2672463783859237 1.0819280287975133 -1.0497984405159926
129 -0.4346949275181978 0.7338759981571137 -1.0296893884637583
130 -0.6932860897250529 0.40734338355816924 -0.9849771762764945
131 -0.8603433459828943 0.27350808656590075 -0.9310018067440211
132 -0.8825603626160295 0.36226541826408365 -0.8174704215913309
133 -0.8524375020357909 0.45398312033037413 -0.7648221033066349
134 -0.783613359588582 0.4747082522421291 -0.7907621123941695
135 -0.6825405039457203 0.4996981651681569 -0.8261485090188572
136 -0.5896178019995376 0.5445493344784769 -0.8648039020729072
137 -0.5309109192259635 0.547848764564181 -0.8889375570637057
138 -0.43276226686572994 0.5362297598192605 -0.9016657096831082
139 -0.3015758033550854 0.5086031822944435 -0.9079170038386835
140 -0.1879880496669345 0.404468712939563 -0.9374877163601596
141 -0.07092535588341065 0.28598115414965974 -0.937066195765702
142 0.02244045950793705 0.1654953144813156 -0.9569948847634677
143 0.10276307179303146 0.0817985418288334 -0.9594125357308414
144 0.22926378745236775 0.06500500814153654 -0.9066851819534847
145 0.32135747251770397 0.06744332373969897 -0.8700341411208399
146 0.4139712747127753 0.13815524961280268 -0.7977437236983604
147 0.43207319642322517 0.23978866761039797 -0.6448681194355004
148 0.3947380859189771 0.29928653521257864 -0.5321330067578813
149 0.4018304115383273 0.3931368439208853 -0.3885147454640716
150 0.4139838607804158 0.5028549950614778 -0.2238932619916838
151 0.4190892871049847 0.6071700319488809 -0.09611929822477094
152 0.4527432918453336 0.7430431506363444 0.06620761905303851
153 0.48363960138344453 0.9268152671095375 0.264871125331851
154 0.5120957172901051 1.1147123042731213 0.44972710777343394
155 0.5478980165005609 1.2563719406927145 0.5802422951245632
156 0.5764247945500784 1.3579179873935807 0.6654279949931095
157 0.5722311409650764 1.4381927328140236 0.6819400197226955
158 0.5524890931263506 1.549978375224022 0.7759830125670817
159 0.5344856118872414 1.6508915430386875 0.8497355003617599
160 0.5192632657892027 1.6964331086670814 0.8385772908880611
161 0.48991916465624996 1.7366818777687563 0.8284708606419287
162 0.4323621780511928 1.7786740385896316 0.8363361753162692
163 0.3563226238229156 1.790877077944181 0.8228622207654865
164 0.3282636480410872 1.7895994916943039 0.8120361120624864
165 0.2996209553753353 1.7816198300172346 0.8018122004501365
166 0.26253827980515254 1.7875763018591844 0.7702439987680805
167 0.2209849512804638 1.7891649389431734 0.7561291580008245
168 0.17877979721724202 1.7970766144191472 0.7618029589578512
169 0.1736657004458344 1.8014105837560983 0.7803552640004838
170 0.17860286164250638 1.7953308591359907 0.8259470101323103
171 0.16570900086494333 1.793950975772594 0.8436618271180265
172 0.15808787068185381 1.7877605725026626 0.847490721469903
173 0.1657873214007033 1.7210637901289303 0.8529673706867058
174 0.17017383985554702 1.6294599972482846 0.8296965017865503
175 0.17741398603063985 1.5482481934322152 0.7853620966858443
176 0.1705690011755081 1.4406340792163395 0.7072500335116061
177 0.1519013967113203 1.3333830572743182 0.6631766497958651
178 0.13737356360118014 1.2491807102183294 0.6426287590825837
179 0.12632639270472623 1.189585556890762 0.5822678163861497
180 0.08293690156718014 1.1505098844010426 0.5198401191036197
181 0.08400110119000104 1.15954100756257 0.5351317894874654
182 0.08598097041247499 1.1613130245593943 0.5347768571971088
183 0.0732447081172225 1.1799397795315762 0.5736628161366966
184 0.05414930795711825 1.2151153122460112 0.64747966524682
185 0.005928316079145901 1.168086777117468 0.6175678742387021
186 -0.012394037386155077 1.1180733107857073 0.6048164083934324
187 -0.00619006985366255 1.0944391063341623 0.6392037905172074
188 -0.01713550405776587 1.0829924869867789 0.6376383353061286
189 0.002565442573970955 1.075437338401418 0.5911118649132234
190 0.038607563277519574 1.1220609060876612 0.6217640676693534
191 0.04555940094314792 1.1270059496997185 0.6246734779112373
192 0.06876070802356438 1.1119585276691701 0.6381866901461137
193 0.06102505550805759 1.0711454903928903 0.6131468587486708
194 0.034409674965889536 1.026595553981192 0.5662626342020118
195 0.05072206843088267 0.9984677757283382 0.5575271551755137
196 0.05781835450685335 0.9283449792447946 0.5776711797607348
197 0.07310829088331161 0.8624949468264198 0.624643406158647
