0 -29.313113857135228 -14.290999639053403 -2.345035114391994
1 -29.32856155923892 -14.276567724632187 -2.405932958735338
2 -29.27156330323078 -14.323670488664543 -2.610011266393631
3 -29.084128852319743 -14.495224590427732 -2.9104437718029708
4 -28.772420622796574 -14.733282837180742 -2.924591935653499
5 -28.760226326503403 -14.788539099556036 -2.6598608302455737
6 -28.904218661061222 -14.480780535123454 -2.210688790924973
7 -29.02254968389633 -13.98045628778533 -1.5165845302504941
8 -29.195591439275514 -13.385832076344599 -0.6861875597970304
9 -29.36219437946956 -12.850811012038172 0.0686820182231962
10 -29.501764664055855 -12.461592247145433 0.6502563304927129
11 -29.60875780758838 -12.26571145305 1.070463845713693
12 -29.61499027037091 -12.331461220057985 1.318934842959397
13 -29.50274619149967 -12.738569741149036 1.4385829349451207
14 -29.22574604223088 -13.693045619083527 1.3852270301297587
15 -28.823936428178786 -15.206550683250498 1.0607650266028692
16 -28.808528997089468 -16.505561814796234 0.7634747122736378
17 -29.124877672705665 -16.982000445588355 0.7912778873382287
18 -29.450206664031484 -16.850252766454688 1.0222090423186252
19 -29.69702938355195 -16.4456633961976 1.2655484896730123
20 -29.988726005324907 -15.915997727366229 1.282086097084946
21 -30.32319034142616 -15.3824633653655 0.9195235908032977
22 -30.630041265572284 -14.873774474897315 0.2184485390826545
23 -31.002218827774946 -14.500642881154777 -0.5028198371066885
24 -31.3957232927006 -14.270711183456784 -1.1489844788271135
25 -31.688035702191385 -14.115986889840116 -1.6845527914213285
26 -31.758400525669863 -14.067655571296939 -2.0981548334055695
27 -31.73910004980599 -14.107241945262043 -2.4468798996661256
28 -31.81538924826173 -14.045224440862448 -2.652708644168822
29 -31.92770524181757 -13.816944457366475 -2.7191401841938507
30 -31.976349509749177 -13.539022578637642 -2.611571582770697
31 -31.97054714792352 -13.244069361270828 -2.4248042827130156
32 -31.87604523521928 -12.932613132857984 -2.259706845001542
33 -31.569002211308387 -12.629568107598322 -2.1147056696427136
34 -31.134651039069126 -12.355096493587371 -1.7122021398002367
35 -30.6336946626182 -12.109774905932081 -0.8410863368004193
36 -30.188039893336974 -11.940245852180718 -0.21161224003369838
37 -30.075897056999697 -11.953583820579219 -0.16673599616900603
38 -30.18998600202116 -12.146939041765629 -0.3100508546619416
39 -30.325475405723466 -12.404852415094581 -0.49869342297217756
40 -30.418874707004875 -12.625400241624915 -0.6313597468123184
41 -30.489426807375004 -12.695790192654213 -0.5755924563162118
42 -30.60676361652323 -12.608312176331507 -0.41665676490594095
43 -30.72038572284444 -12.442037769878095 -0.17305401570700596
44 -30.754451332188545 -12.22423654411736 0.07435465458456392
45 -30.740982926181523 -12.085299868408192 0.29849159212231413
46 -30.748229271002582 -12.023379984463038 0.5285320142177916
47 -30.7048441834791 -11.934877939894522 0.8249415014133881
48 -30.629349442729854 -11.81777633412053 1.2068345604118385
49 -30.587213855210592 -11.635103809978359 1.6129697836614447
50 -30.577731012579722 -11.443961904012294 1.8664046116957884
51 -30.582413552323388 -11.37245142079174 1.8759347448638088
52 -30.491785061459883 -11.551821288798005 1.581306900587986
53 -30.347855931288294 -12.031356479762827 0.9896710668109314
54 -30.15524871145127 -12.769300312626962 0.14669558319609521
55 -29.893318745258878 -13.721277384938734 -0.7781448259793002
56 -29.66845992703921 -14.684308410132932 -1.6593368216316087
57 -29.437605816240705 -15.422268849195063 -2.3734273774465073
58 -29.0916199821904 -15.732498921832086 -2.8669550452839054
59 -28.740185119726412 -15.44447785286694 -3.129813828346105
60 -28.61937313437745 -14.690899686258373 -3.042886313674405
61 -28.706244800653657 -13.825525638097687 -2.462492010017751
62 -28.822248546551354 -12.966454211636417 -1.6165205231833433
63 -28.95911146572146 -12.34060307802823 -0.8061774168261273
64 -29.195821470196343 -12.01030480660671 -0.19598757223443286
65 -29.44186509179986 -11.752385408521345 0.3442746098066216
66 -29.58115240894617 -11.502637051088266 0.926621327766437
67 -29.718980756190522 -11.28519625437135 1.3623247311843407
68 -29.792200784423454 -11.163115678258066 1.5133601245074608
69 -29.761757813524966 -11.294474791189433 1.3627570208522535
70 -29.65289966595164 -11.767106602562432 0.91951216127406
71 -29.51743408445513 -12.525886030228108 0.24212555037340522
72 -29.29563477570814 -13.520369741957792 -0.5942131365514705
73 -29.051654907402618 -14.543094616767494 -1.3596951554176222
74 -29.04438426982805 -15.065536637924176 -1.82136198373043
75 -29.108911121192445 -15.0922957328144 -1.9530925691712433
76 -29.228962586715813 -14.975403414273664 -1.957248255285048
77 -29.460849762120496 -14.80258897892167 -1.9605809372854957
78 -29.773485913858494 -14.553117975254295 -1.9386014737482178
79 -30.028714555495046 -14.153548379412502 -1.8365920872284072
80 -30.150157682061685 -13.66534666125453 -1.6344101576621561
81 -30.270067760646857 -13.166771076962938 -1.3483495860584078
82 -30.394340287364276 -12.641230256974886 -1.0445679263551675
83 -30.48125877674635 -12.118040892018783 -0.7070848117965731
84 -30.561212860881305 -11.700102390338657 -0.4274294305052031
85 -30.629458714269184 -11.472716653005657 -0.33005570651724625
86 -30.627439877727788 -11.47033274449528 -0.3119316530743781
87 -30.585385209332486 -11.667687276735984 -0.28793365931292314
88 -30.534591326407973 -11.974362021558129 -0.22256568139086497
89 -30.471392496500357 -12.34137293944924 -0.16111072882424438
90 -30.423571388245403 -12.809260138336757 -0.06367185554397636
91 -30.41301620893 -13.345285693101744 0.07260469718995566
92 -30.404991787512976 -13.854199076291772 0.1715631973496592
93 -30.35007348638869 -14.257685734295578 0.3012274413648548
94 -30.29887569773574 -14.477731281077816 0.4331727536764909
95 -30.255936334417648 -14.55856896623244 0.48459208929765296
96 -30.19878355586144 -14.575205519310067 0.3960407712920535
97 -30.120280875291186 -14.556957966623912 0.21189637667889727
98 -30.0449917251007 -14.550383720339326 0.02935568606629957
99 -30.012852319647294 -14.497748674109475 -0.1892077295334751
100 -29.972729450564096 -14.377475458883481 -0.6174307189563812
101 -29.916861491198155 -14.189252230581197 -1.2934070286684936
102 -29.94981766730746 -13.81567821245045 -2.0500210856661703
103 -30.072085816148217 -13.320533732719518 -2.6360659981222305
104 -30.11778767677935 -12.926175985388012 -2.9296744398772425
105 -30.06757642810818 -12.635827145677283 -3.095795230062077
106 -29.952612934100227 -12.492278385057212 -3.173812104554333
107 -29.813112382483116 -12.507450146139597 -3.193410873484222
108 -29.688282239186357 -12.660085196406392 -3.236743477771757
109 -29.5637192431404 -12.91408402171425 -3.2322390291255054
110 -29.490331208583093 -13.227361965559044 -3.261275310873298
111 -29.485231085004326 -13.568513327022202 -3.4646391115590482
112 -29.552946562713302 -13.941506368628808 -3.881853411538632
113 -29.733926667566788 -14.232232345762757 -4.506602486171143
114 -29.987812549936727 -14.30098588529107 -5.279641141403129
115 -30.24260060095282 -14.211705145507713 -6.038733237184278
116 -30.42679310720473 -14.207827372559647 -6.6287933083016775
117 -30.572860984253154 -14.374007718881096 -7.012206533153385
118 -30.67538001430147 -14.601905968581624 -7.223715255040457
119 -30.753236254167415 -14.822586745458871 -7.3694400472272115
120 -30.816610362588804 -14.976487446712559 -7.438774640019577
121 -30.854045534087156 -15.020947810685623 -7.527598611418075
122 -30.895785640973934 -15.00673536221068 -7.691045009792699
123 -30.955886170719875 -14.926106911481678 -7.81443762391871
124 -30.977370627333375 -14.823396052252718 -7.793268344894042
125 -30.895547707180363 -14.766245141873906 -7.524533794391115
126 -30.687363239797065 -14.680790170281277 -7.058023164831649
127 -30.38278493300191 -14.438713908324008 -6.54616131959126
128 -30.125013607471335 -14.128426110507135 -6.076750685621686
129 -30.06181319249775 -13.825793852869296 -5.683495697696298
130 -30.15436472461386 -13.506172041735343 -5.29771492271416
131 -30.255578731968892 -13.176464650276522 -4.915888826476593
132 -30.287893423672713 -12.968788478140517 -4.629921997581047
133 -30.271913713491372 -12.866564712831135 -4.522414644507972
134 -30.19891920285523 -12.846275085731609 -4.507861024788237
135 -30.112298047785817 -12.888198136118174 -4.506564231443942
136 -30.044523379643515 -12.917975751682338 -4.502169544329167
137 -29.99763880498215 -12.916786545103456 -4.487661050446032
138 -29.93903813350234 -12.914929607774477 -4.45161085185519
139 -29.846164694263262 -12.924146350836857 -4.389311184515034
140 -29.75723588355934 -12.988168499773618 -4.409606641235438
141 -29.664532244884157 -13.071721445666379 -4.432935032908954
142 -29.607007345687478 -13.098402301610358 -4.451579286790189
143 -29.54355844391103 -13.097185872129657 -4.44083375650963
144 -29.48840980668896 -13.0655370613767 -4.403091956444168
145 -29.50325262329988 -13.000119669065771 -4.39185828878961
146 -29.557574871684924 -12.922853742195826 -4.359423147531761
147 -29.604866363118774 -12.817261737186278 -4.2851190695531365
148 -29.68367291509942 -12.699451699654285 -4.134870437279215
149 -29.777661854622234 -12.579965687757497 -3.96072387414139
150 -29.862010723030167 -12.45557598481411 -3.816827965795138
151 -29.915697364100055 -12.342695837723198 -3.69741526127687
152 -29.926097445857835 -12.214925713821431 -3.590184244533514
153 -29.92942989793635 -12.051476244534882 -3.4912044291923685
154 -29.957716197268567 -11.89766902760471 -3.394575049186127
155 -30.010925329114855 -11.797086790559998 -3.3643643060107884
156 -30.064097963261705 -11.736141175702073 -3.4088002790377807
157 -30.077250302871793 -11.688139902883897 -3.400302090999414
158 -30.060889836449718 -11.642940129988247 -3.3904460419642852
159 -30.048081835491896 -11.611473230642272 -3.390321699904053
160 -30.06634414040969 -11.56373742029064 -3.419908532220145
161 -30.05774160527523 -11.548257268030643 -3.4490588888543847
162 -30.03281208607254 -11.600247656434894 -3.4377358262962723
163 -30.01650058477542 -11.671343758478336 -3.423043878460849
164 -30.010931780341718 -11.741111474824152 -3.423096777933967
165 -30.01411985027954 -11.77599206579531 -3.4498302301746797
166 -29.99639676228769 -11.81743951285686 -3.4603060044925265
167 -29.979557891271668 -11.879195530590847 -3.487105487618191
168 -29.94571433686327 -11.928637774871497 -3.4800696854081927
169 -29.870422071275637 -12.001284844946206 -3.396971797285996
170 -29.794658889528836 -12.078132723807723 -3.258730568537235
171 -29.735535320679485 -12.090556076650234 -3.133811964036642
172 -29.683790532468013 -12.099323972763518 -3.0469562264306624
173 -29.630073894883623 -12.126443101451294 -2.995920615844792
174 -29.572947594707074 -12.176903322090897 -2.96203365524833
175 -29.501312003752883 -12.26098775410282 -2.919341331358954
176 -29.456832432559647 -12.395491336753174 -2.939868927833185
177 -29.414714709960247 -12.56802369771577 -2.975083499724345
178 -29.378867850648117 -12.725971931213527 -3.0009128785756936
179 -29.34661522494176 -12.849844297447827 -3.038312722792785
180 -29.33071342012198 -12.92817814297551 -3.0757408793908247
181 -29.314154901565953 -12.923155887723707 -3.0792436226673523
182 -29.306720363106223 -12.897964362763016 -3.0628486443735845
183 -29.30554281122471 -12.890625533048315 -3.075261919604724
184 -29.31213236696673 -12.89476408352375 -3.1267827929949057
185 -29.336998324684973 -12.934826441095556 -3.183767296664559
186 -29.328456137872642 -12.995545571544575 -3.1930681123837026
187 -29.300665790978172 -13.032525172488189 -3.209447974890036
188 -29.2729482414284 -13.032937118887387 -3.227070784216334
189 -29.245498919488238 -13.059694449539673 -3.194592250407478
190 -29.2047073568079 -13.08321364720688 -3.164821884355856
191 -29.17163895376056 -13.083841418419118 -3.1656994274444195
192 -29.115812040983474 -13.112366433410108 -3.1615238195044135
193 -29.079234351014048 -13.188383762934617 -3.1610716950362097
194 -29.06098029517607 -13.288691464383703 -3.120034124991715
195 -29.02356302067972 -13.384411522304212 -3.012899008926805
196 -28.99999138035324 -13.455968363407052 -2.9222232589082715
197 -28.969843605372198 -13.522718631015387 -2.8192703062759357
