0 0.521729241365386 6.6713815225864295 -10.501088529656707
1 0.5292846216732352 6.568867908245894 -10.366148375333468
2 0.5385923304621683 6.318734665775867 -10.141652012974776
3 0.5559617843002842 5.914131680666017 -9.909583309411717
4 0.49071573057116863 5.467972796142222 -9.98972403933199
5 0.3618001931249237 5.11836223907912 -10.364396545752898
6 0.2934832175696291 4.961241307988608 -10.717421475427011
7 0.29642287723636235 4.985619776080545 -10.887248782712115
8 0.31565861707566517 5.065321757106529 -10.896303410523297
9 0.31587178485462614 5.08250084167798 -10.882622264924473
10 0.2972589711688948 5.045453889856862 -10.92600008036167
11 0.2810699892895511 4.897181564289145 -10.947266919169182
12 0.26241105783146856 4.5207643067848196 -10.897725352574435
13 0.21018965863739936 3.7823260016800186 -10.728772543538392
14 0.1656265890246108 2.701124957557243 -10.758467462304333
15 0.0551562859628526 1.6275778949905049 -11.49611105563294
16 -0.18355767738068984 1.0197462173040557 -12.174159969513655
17 -0.42388787532712613 1.5666433257338972 -12.33336068730217
18 -0.5421233779607039 3.0712703755225843 -12.354096709616273
19 -0.40906474589225816 4.958202050591179 -12.182085434082497
20 0.015173831204481014 6.676318879592722 -11.676935155818748
21 0.3955001429251021 7.761155518079589 -11.324829985826378
22 0.4979756220573294 8.233047141593117 -11.116193647237901
23 0.49163226958784895 8.305258229515093 -10.871156603608329
24 0.44861089247411007 8.008442469669916 -10.786645369168662
25 0.3769722834664941 7.055634401527575 -10.805784744122017
26 0.37729290325576853 5.935557787845296 -10.776375337883005
27 0.3781294720872727 5.2241413097384655 -10.858845857371678
28 0.42835869262885756 4.845091603112666 -10.880412542802555
29 0.4971077483694026 4.7038649844209885 -10.808220663951873
30 0.5450064752233894 4.716213858014516 -10.771656445921687
31 0.5887995259897165 4.780709205573174 -10.746560245586368
32 0.6124042544822634 4.786719045021316 -10.776852590761296
33 0.594035876987216 4.732176251501748 -10.900759098346478
34 0.5213224178132974 4.7065312688924354 -11.24903367390011
35 0.4160663206764736 4.683623637627312 -11.969894417174688
36 0.3466741920951994 4.548079896926859 -12.850845959991753
37 0.30078947247020066 4.3582456572854404 -13.66672804393731
38 0.23334905439786524 4.208685105724584 -14.274910001406974
39 0.17707553706734636 4.2365069439130405 -14.530046511252339
40 0.1832043153892372 4.502018511216189 -14.46659477614441
41 0.2212681585861852 4.853430607968166 -14.270883362868831
42 0.2984556672103968 5.112312617040603 -13.853126158210651
43 0.4219619369676239 5.286197133691045 -13.133071641923907
44 0.497329590269671 5.433983101079697 -12.384078261377626
45 0.511664375688464 5.646294521129665 -11.827514398758241
46 0.4830968555312482 6.054603809328357 -11.442118334790516
47 0.3749708224524832 6.747989068951849 -11.242858569833176
48 0.19089158096730052 7.480636656139513 -11.207452479554549
49 0.04510192358149012 7.6748910234663565 -11.297945245939234
50 -0.029686553374117186 7.343143539357177 -11.524998553890045
51 -0.021264136173729686 6.593118852795561 -11.962730134566081
52 -0.0030904080245061083 5.568583776771412 -12.651355727966406
53 -0.024878034291748397 4.7044277972350645 -13.355239738713061
54 0.052848160917108866 3.986197537744036 -13.687584994321286
55 0.20726609552802067 3.173352996592637 -13.672003457167223
56 0.34216130106624026 2.476711901252074 -13.360890890905546
57 0.45848214621333566 2.43721202280333 -12.886500550540157
58 0.531194757776178 3.1845690901470767 -12.415026886634317
59 0.5817593961761025 4.2958725061277345 -11.907281860895838
60 0.6419875537397095 5.245479267623418 -11.512344219807362
61 0.6663805837219021 5.802784815599841 -11.402513285169755
62 0.6413342856078357 6.078127360086375 -11.507269276138084
63 0.5924908245478067 6.022066438139934 -11.708781984396689
64 0.5573707009933306 5.608210974612691 -11.818359505987205
65 0.5172140287612956 4.963420780619511 -11.948047872567814
66 0.48576764436455816 4.187504651956832 -12.265661517186539
67 0.4903182228907505 3.4635871170307397 -12.679368268820982
68 0.5054433353002077 3.0175305688031977 -13.20880616393386
69 0.4740101799915121 2.7897149679071602 -13.875296766116486
70 0.3828524437547118 2.6033874854511425 -14.389727780640756
71 0.171334519740875 2.356665259793077 -14.55720545081732
72 -0.1121702895515827 2.048761900649262 -14.29893036768492
73 -0.30110903561248314 1.7010705991325685 -13.235791645417157
74 -0.49545216007269943 1.8050339424669573 -11.77347531117807
75 -0.6890768823960008 2.8924630949695795 -11.116930150626674
76 -0.6682883892653396 4.5250467641627985 -10.941986771959451
77 -0.517179896939811 6.098985787258906 -10.658831686498553
78 -0.30907677787920307 7.087291873149363 -10.54736105541408
79 -0.06135589303025235 7.5652626781234975 -10.56390584827316
80 0.1922254321721767 7.7594586416598315 -10.39865089931982
81 0.320473256694993 7.653523329936668 -10.233274392027178
82 0.3710978825229913 7.186001472603737 -10.282403756787348
83 0.4661141254250642 6.462483752263958 -10.513429011621378
84 0.5578959919377278 5.870773602816264 -10.718666055513866
85 0.5843419266616428 5.509255948709638 -10.859746375895037
86 0.5643990141775186 5.2794649644005425 -10.96660525316699
87 0.5156236317112617 5.114564238059298 -11.037979233887464
88 0.42739571883981936 5.063837470128538 -11.097283015852783
89 0.32956115753868515 5.1205334274734415 -11.047768399465498
90 0.2992717099400925 5.302830907534258 -10.830806002326506
91 0.3719472952888631 5.728590166795321 -10.638435063599276
92 0.4914291466132949 6.37488182199864 -10.581486963729938
93 0.608624129301437 6.935168044165842 -10.566294105247367
94 0.6918670965096938 7.428296733809194 -10.557375564125325
95 0.7346474682720361 7.8076543807683 -10.533177883415357
96 0.7415230993579813 8.009628952510226 -10.528299599555284
97 0.7286719763578864 8.102258992343101 -10.563454479735912
98 0.7275951591013614 8.134691092950783 -10.625579612199077
99 0.7090739306865581 8.107270768874825 -10.731830819869481
100 0.6474105953256268 8.008132314453553 -10.938447958140772
101 0.5463140796250174 7.8095480773750605 -11.257911937352711
102 0.4116454762387684 7.510780588060792 -11.744089382551495
103 0.2384012229346738 6.942487519166978 -12.495395036740101
104 0.03449641184317087 6.015876289115237 -13.602724727135177
105 -0.14449747299309224 5.028888095282991 -15.03480409213734
106 -0.2108988488655853 4.196007851321493 -16.53513771745181
107 -0.17195898162478607 3.4934947098208062 -17.651779075708134
108 -0.11410874179898045 3.144399107061155 -18.17448749881546
109 -0.10080973298636764 3.2163537991850366 -18.169507999916675
110 -0.11825919522934136 3.635296832898416 -17.885413911207685
111 -0.10602405907031731 4.291100591020857 -17.5449865912152
112 -0.03469053775620268 4.9850218753369635 -17.023877351038635
113 0.0009391032965319068 5.681463316128571 -16.16375220383555
114 -0.03814039575883854 6.322576560437053 -15.174860131782845
115 -0.09023730788874673 6.761769603973869 -14.457278578528003
116 -0.09932700139789141 6.914149316231526 -13.965596629735069
117 -0.12848718936814507 6.860508329542386 -13.561647829422478
118 -0.21917627733638334 6.695145504179495 -13.026430091255763
119 -0.3608261187772551 6.475910758695557 -12.422758353473997
120 -0.4978961758724437 6.466277007390001 -12.078217791344814
121 -0.5109543238337785 6.602425355306014 -11.652013198960804
122 -0.2905491600702287 6.821336973336177 -10.791297936477898
123 0.0005474491572446949 7.159193813523991 -10.197607192952626
124 0.13305006256673912 7.495515819146135 -10.152745836791796
125 0.1795437048934979 7.750034842771857 -10.238206730545565
126 0.1883909046853106 7.897768227927857 -10.352246981546537
127 0.16745786396253315 7.8630292109396756 -10.509651624973928
128 0.1125173222765995 7.716605917937265 -10.723263139410053
129 0.05358831380059825 7.541299958666828 -10.972347391954338
130 0.025757795044371146 7.311877054691493 -11.182431379121072
131 0.013743057377573531 7.047964347111016 -11.403110405133924
132 0.0022504692641484025 6.8105114948805525 -11.630811850714155
133 -0.003920922473658384 6.6199029294713725 -11.739338618052118
134 -0.016709628222423167 6.483177309596851 -11.767272136774261
135 -0.01587967493154452 6.353161219423024 -11.759409858174324
136 -0.019610776939155916 6.224912868632954 -11.715235085053601
137 -0.042525479370556174 6.172488878871249 -11.686587520439902
138 -0.0769594649862625 6.204678330604681 -11.677005443592934
139 -0.11955550971379403 6.293934938358937 -11.603460849741277
140 -0.16429642024969937 6.497206276138003 -11.467448481934541
141 -0.1733491718414789 6.800429296722665 -11.462100801830497
142 -0.14062326365618028 7.0319130493824815 -11.57473654393993
143 -0.055660554665896034 7.172785844915429 -11.677689815370188
144 0.0645764616504082 7.205905547503301 -11.71140326593453
145 0.22379530252050273 7.199867181422858 -11.654263562620772
146 0.37971757652776267 7.219024163585122 -11.535144498451809
147 0.44289098894799656 7.277535765730255 -11.420186969087284
148 0.4683530932789201 7.381873032424894 -11.298962254916171
149 0.45076985171703127 7.512338331340299 -11.168253395669831
150 0.3990227540120967 7.6295092020594755 -11.06525505516458
151 0.33940863594983645 7.755013766306696 -10.97924800028713
152 0.2855093342816816 7.888454646687954 -10.915252108025145
153 0.2372965736594378 8.00763950605647 -10.885922847619137
154 0.19900144593556035 8.090226630146248 -10.884020670165109
155 0.13186082239335384 8.108231266609403 -10.844748381107303
156 0.08934411876265613 8.060837104869298 -10.790208079748433
157 0.055887155391574406 8.023322771882615 -10.78115264251595
158 0.021069223454449282 8.01041856549881 -10.748085104399566
159 -0.0242463209161069 8.02247351065178 -10.724581281196764
160 -0.06250935467839114 8.085616174881785 -10.725719365180789
161 -0.08988413131600226 8.173070278161976 -10.712750114280007
162 -0.10959474407440262 8.256655917246764 -10.693615373876463
163 -0.11208403123938482 8.356544494305453 -10.671982413062347
164 -0.12321281261163819 8.46630797640181 -10.654923888776176
165 -0.12323184202077642 8.538540526284816 -10.626871892031113
166 -0.09346418450340288 8.619389633784545 -10.552993882235883
167 -0.04536694626441318 8.772958348184853 -10.496912720587654
168 0.026694125535109303 8.938954940356775 -10.452286123924006
169 0.1068576222917067 9.022122054742894 -10.291912743880497
170 0.15724242522863896 9.0830143721875 -9.950312283069076
171 0.17884179713738824 9.158599832945079 -9.630708754180086
172 0.18493748657852727 9.19003853098657 -9.488264467500551
173 0.19984333392131937 9.190765552423729 -9.427286890504819
174 0.19961688615291073 9.210355995225992 -9.386696416721792
175 0.19563513068457972 9.222374495617649 -9.336370170499423
176 0.19921921027876344 9.223093859242342 -9.294067445567714
177 0.20308147773127316 9.224358256394169 -9.29483939547391
178 0.19995509106475218 9.23141828674708 -9.304057137280312
179 0.21319259379411093 9.230847789411825 -9.303364028841623
180 0.22051857627116866 9.24645713703649 -9.299331236029888
181 0.22256080725854133 9.25657276764928 -9.290207466308127
182 0.2239125131400418 9.261656087589534 -9.295457270702487
183 0.23889837272928183 9.26569389260487 -9.307702014057499
184 0.23904098735976909 9.263208911486242 -9.305234990753307
185 0.22083132080587375 9.26717266234556 -9.302442652532251
186 0.22362543389685363 9.269686597020529 -9.302268811694008
187 0.238303992420687 9.260426295462793 -9.293258667798336
188 0.25334817084227523 9.249482233849207 -9.280236971962553
189 0.25336170341835185 9.259743547887322 -9.28058034075349
190 0.2569703309537531 9.264981157769833 -9.278231544434094
191 0.25839387116872536 9.273673109437647 -9.252353090355273
192 0.25781719759386135 9.295106627499521 -9.218985987040073
193 0.2698746095634669 9.313725315577672 -9.19461773599926
194 0.26868461813843053 9.327404749246627 -9.179104806540993
195 0.2586991635426149 9.316306379583821 -9.143814014242638
196 0.2620423604090768 9.296836042705031 -9.10067694163884
197 0.26709262570632303 9.269056492823646 -9.04670839059177
