0 6.433027994556357 4.874468804422568 -5.055244501077308
1 6.439851781148508 4.859796064424076 -5.066764779948308
2 6.4125096212966985 4.832579900138381 -5.051775539529483
3 6.3999618276757895 4.678637844755961 -4.95187176130997
4 6.421924603865155 4.387185376347716 -4.970333823817231
5 6.493312193709047 4.198482456898219 -5.283596123342665
6 6.617869919615878 4.2480891112010735 -5.710176622076801
7 6.717585175110318 4.364624247690568 -6.0266124840324835
8 6.766363900905319 4.4574707697760125 -6.198122432257925
9 6.780887850969582 4.544354221447186 -6.305409645413761
10 6.784976885615202 4.607556531626194 -6.384405086324904
11 6.782237071699698 4.619382519072584 -6.42406491868099
12 6.762510811975168 4.598026147979601 -6.460468264194276
13 6.677715099771121 4.340329942683095 -6.4566883842730896
14 6.5021977022422375 3.3340140621024514 -6.471211101414099
15 6.269772289431905 1.7686346949260519 -6.932923902244145
16 5.9001445185580055 0.38065864952079087 -7.4120242665379585
17 5.69957361257399 -0.08673729857448098 -7.636708299571136
18 5.645565047724895 0.5177294262238168 -7.74751223222092
19 5.72890361099929 1.8425348725240913 -7.593863670700486
20 6.105479584570717 3.3716286145718937 -7.019106293999894
21 6.51365517424249 4.632356370673486 -6.602643422310027
22 6.53380920255185 5.272886342573782 -6.528097085030758
23 6.475047943238095 5.423828564967238 -6.525844925040268
24 6.501129421162793 5.365035229407967 -6.538076428769497
25 6.5302318138025415 5.115329133494836 -6.499090642596126
26 6.543741279904903 4.772115645080508 -6.3456507656192365
27 6.529162336605755 4.595208235485183 -6.26822996357782
28 6.5449745223886096 4.607334827266904 -6.249781426010433
29 6.566203343554286 4.689496193056053 -6.191490449127912
30 6.5841591655417355 4.7740696576142945 -6.130001930798851
31 6.585034519029951 4.861759176952251 -6.067609237369272
32 6.591962232475567 4.89766291759973 -6.032729515413912
33 6.608843303797092 4.874411270750677 -6.051621757831466
34 6.668706380952892 4.787775355645165 -6.345268090113816
35 6.827889439504411 4.61072124920298 -7.173433172196145
36 7.052306174393174 4.440924196312471 -8.337400144764844
37 7.199476095156387 4.379740316504602 -9.479982920773361
38 7.2516555756943 4.3882484900846315 -10.352397485774853
39 7.2717826220922825 4.520670062461075 -10.751645865650085
40 7.25448842362374 4.8048894963554325 -10.669099913456586
41 7.162131344880456 5.104463494848304 -10.397973114568218
42 6.963865103539534 5.394870080933275 -9.906173270268413
43 6.721862616818906 5.59171090863725 -9.020562116140214
44 6.5175061160739025 5.624993620247217 -8.062679642136652
45 6.418992782349201 5.574953881638232 -7.341176327922309
46 6.411940975553276 5.549540784914715 -6.9379082299139725
47 6.419063883024404 5.608893394216167 -6.793178338246335
48 6.40406520881296 5.708726928534405 -6.806949613118068
49 6.433443654106928 5.698923418872875 -7.0894804228437245
50 6.604545775208478 5.531402868869481 -7.702326537322435
51 6.898188330828211 5.210847834581859 -8.543000617750026
52 7.093705502198511 4.746413956943174 -9.525100608214375
53 7.093642782655025 4.265326173091825 -10.410114939845046
54 7.094381773332864 3.777803984128767 -10.825199168503454
55 7.120376024246476 3.1007091156577684 -10.737950841896025
56 7.193506573435719 2.265926667270359 -10.226719929374463
57 7.303596258111866 1.8741634513620018 -9.557117144783087
58 7.364660752685215 2.237373602607302 -8.965383633653085
59 7.397175192698508 3.1394697309113515 -8.381850876669768
60 7.352888167438626 3.976082045880379 -7.91982512189346
61 7.202690167724801 4.3552669558753525 -7.762384622825866
62 7.125284526077414 4.538081601149919 -7.781536614642661
63 7.147622222874452 4.576165352166555 -7.894614194827671
64 7.221374230777442 4.4439220734174185 -8.011412354222395
65 7.326026288386701 4.207746035321236 -8.197207754797995
66 7.363708118233382 3.8760858908354465 -8.57704451861782
67 7.3156041027554926 3.494509974556172 -9.016159723137472
68 7.3000312844815065 3.259520012968823 -9.586632888838432
69 7.312222195643515 3.1704799471414513 -10.30957383834936
70 7.246536291018438 3.024500405155019 -10.766508777332733
71 7.01686174066569 2.690725219862579 -10.866979361459231
72 6.651668179420237 2.167950724730306 -10.46100484485409
73 6.191202663969917 1.2358146801497356 -8.887832254589243
74 5.770198654347907 0.4417016614853577 -7.196042122002847
75 5.62545254119592 0.6716476997216705 -6.748101554067603
76 5.652352778477643 1.600944441103152 -6.689571795485964
77 5.757487914953134 2.7639432394894095 -6.410345611303935
78 5.971740328441354 3.7705399490179334 -6.155571793400213
79 6.254699206582729 4.603120828968903 -5.916141816396848
80 6.385419791479031 5.197439652101391 -5.634996760438025
81 6.354940717505149 5.422155918894626 -5.570449813879215
82 6.378184070961708 5.388921421899264 -5.578032438166584
83 6.43799408024879 5.2732922361296986 -5.610927314821712
84 6.482014975365032 5.177423792474215 -5.68686308599025
85 6.500885643386016 5.118553568114574 -5.763495008647748
86 6.5042495805617095 5.052344162421381 -5.831339603315396
87 6.504541456720589 4.956523483466697 -5.9091775281691525
88 6.486737171699452 4.8573588808234405 -5.969305713974453
89 6.450986849570666 4.786036434587141 -5.981285265975966
90 6.40077903619217 4.752807227193783 -5.889358355512922
91 6.400634497656072 4.789080311175498 -5.702632677459505
92 6.460337894850128 4.9084316236145735 -5.621856290017718
93 6.495788987577064 4.993161892896019 -5.627194975595579
94 6.498531437818856 5.071765582280516 -5.639243593186087
95 6.4760138983798585 5.17852170280778 -5.664462997030384
96 6.452034384722842 5.269472722023552 -5.711490737246301
97 6.439283937888354 5.323870921200106 -5.770627183919075
98 6.433331964441673 5.352855317538227 -5.845081097808102
99 6.431379019292847 5.369611943374839 -5.946559445921263
100 6.430729367584999 5.3949756789955625 -6.111795144036861
101 6.441024246990305 5.408894941444135 -6.35876187287969
102 6.457427235917174 5.404466768339356 -6.712430694297293
103 6.559719581143999 5.337555620450598 -7.430947640500744
104 6.724662509148282 5.135643898220701 -8.799666732658183
105 6.7515961689288195 4.843199994090682 -10.670608638127073
106 6.740139309341617 4.591375800985194 -12.619870298099885
107 6.8118642185246605 4.349507785432879 -14.19786135390675
108 6.911372456631832 4.219755856574194 -15.057906957780572
109 6.959099317283383 4.373130948550891 -15.228198125912991
110 6.982502516537392 4.822539722267672 -15.006851684441708
111 7.014243596340665 5.418704537193879 -14.568994994993824
112 6.962140525839325 5.894601218790497 -13.778378862186964
113 6.729767794396111 6.238388748492497 -12.517518131287298
114 6.3917096305032315 6.539489519583784 -11.202789005928404
115 6.0838177890092195 6.7708482834930415 -10.11655700622091
116 5.889127585879712 6.8486836347124225 -9.191443252212204
117 5.848350713965339 6.687157138499764 -8.522346461998817
118 5.876375802872135 6.304021423884084 -7.861297166641009
119 5.85358802298114 5.860103350973381 -7.212756860663692
120 5.741299058746704 5.614620123309567 -6.905279068691687
121 5.551878148292995 5.383113906137623 -6.2239985558092705
122 5.558881249464561 4.993750107380357 -5.006199725162869
123 5.731319400520847 4.913717457765879 -4.3452628365268495
124 5.817177327219169 5.079040990296747 -4.269345682395237
125 5.8295295511909275 5.2114768821200546 -4.323322943232402
126 5.842541432115813 5.329713405594484 -4.464790715144449
127 5.862125628343494 5.402711011150169 -4.672303436386649
128 5.8808820405258375 5.438807626809265 -4.904248448179786
129 5.89442138160608 5.462381353934102 -5.158090622108542
130 5.8963490475686 5.446458461557601 -5.396741294144093
131 5.918641188404426 5.376155501271652 -5.647470289401355
132 5.961355626895409 5.276502139339234 -5.9176057240731765
133 5.991852759673107 5.173790616933047 -6.097693064615548
134 5.968442379168928 5.043604951482795 -6.171516470572261
135 5.861066214512486 4.898696549734993 -6.1678558388333755
136 5.7134194335658774 4.718881319495685 -6.081689911364791
137 5.6018816993146965 4.5831785462722205 -6.014949449565471
138 5.492779380827229 4.516530068606858 -5.934611252386286
139 5.396945770773674 4.55602068951811 -5.779781006078295
140 5.403411172965423 4.792468269919551 -5.611754551014329
141 5.449948451899178 5.063774580994513 -5.48242708872527
142 5.4853770971571025 5.232063344522084 -5.410086504440947
143 5.5438896847685095 5.347581470047597 -5.368221499880342
144 5.618833440212218 5.4336765624482695 -5.325970527229465
145 5.723173473541203 5.576509984077427 -5.260197923504737
146 5.809740043781379 5.722355021122523 -5.189062605996739
147 5.82362385895254 5.795793924720032 -5.141262349846169
148 5.837640722627975 5.852603789624107 -5.107447840179301
149 5.839026474385583 5.9121079072863445 -5.071546522238169
150 5.829679842426084 5.9568122587432715 -5.039679369362396
151 5.8212528241283765 5.9890974884831145 -5.020507499448328
152 5.81001879221452 6.015604970997035 -5.015797395274365
153 5.815903323036513 6.031826007484176 -5.006166798388282
154 5.825915975030003 6.041275601505797 -4.998988066333222
155 5.812492751766263 6.061880113300655 -4.9801913564226545
156 5.81279065094767 6.069051382027407 -4.959099997886462
157 5.805359755024779 6.080127653716961 -4.958059848113933
158 5.797324359957714 6.096005647168674 -4.945666151513571
159 5.792279421706547 6.110894524381756 -4.92649667062361
160 5.779874411393288 6.13779286829377 -4.915611603110246
161 5.763063619965055 6.16308136073207 -4.903700481220504
162 5.759584545187146 6.168082020507645 -4.874761281836392
163 5.759225103764032 6.172885535598995 -4.8537868586179975
164 5.743231352380982 6.19050240223295 -4.837496799264173
165 5.737973725124438 6.207265475648242 -4.831053457252288
166 5.742358576201522 6.208028430671996 -4.818635654736379
167 5.73690023989701 6.205404100564444 -4.8100632348537005
168 5.736972793557794 6.1985119744005015 -4.814142374772413
169 5.7407027586653365 6.184493421857635 -4.804960099961793
170 5.727919669988716 6.164411800668166 -4.7808780673830995
171 5.726838294639852 6.141451406100536 -4.770662373769635
172 5.728653975160964 6.1305177188617765 -4.764692734208662
173 5.736326931581526 6.1240746006937705 -4.760898024188926
174 5.7414289558839835 6.120069112679921 -4.7490854207615065
175 5.745967563035891 6.107293687171531 -4.7390452811277655
176 5.745931509221106 6.091648181315513 -4.7382128558521615
177 5.738266345352263 6.08414638634733 -4.762249960561974
178 5.736948615916487 6.078223813528599 -4.7841645606889855
179 5.744249947332665 6.0767162331110995 -4.791758185123562
180 5.753232504012932 6.087979117530711 -4.791304697838438
181 5.751705115272583 6.102293664707821 -4.787930137751413
182 5.754206954940533 6.108013530509517 -4.787658021713963
183 5.765499096298705 6.099714786983574 -4.786907687591071
184 5.762003279590023 6.0997531506917415 -4.791402024487503
185 5.758600080848283 6.09617584675615 -4.766209423637182
186 5.762391947097414 6.086016367800603 -4.7615125659118895
187 5.760374325223256 6.090932299178469 -4.768854225444482
188 5.769964178459101 6.085818375882731 -4.767604700418673
189 5.770641228933905 6.086010794195797 -4.770219027067121
190 5.774208130562124 6.083076541344255 -4.767795376656768
191 5.774701993545647 6.089978413329092 -4.755365935831829
192 5.770228391046353 6.106289663978307 -4.731581156851817
193 5.779958378404479 6.109359479164283 -4.722600285966806
194 5.76768227209148 6.103436366744827 -4.735788116437938
195 5.7549981981631015 6.082420268905205 -4.737034392786679
196 5.757968287854678 6.04287156105778 -4.725707137129202
197 5.762511269636733 6.009085874665212 -4.707507528169678
