0 0.0 0.0 0.0
1 0.07319328942207193 -0.9158710983700828 -0.9823509586726829
2 0.11683104628776775 -1.656201029362748 -2.1769142802173747
3 0.19167831030587124 -3.7418504682787983 -2.4233776662679603
4 0.40954810405602515 -7.430961090777124 -1.2370664576687176
5 0.5756442173399066 -8.523173629189316 -0.8697841714933006
6 0.7774509961546343 -7.953522450372716 -0.6845986686916561
7 1.0038098165712377 -7.208667537624926 -0.12463439984785651
8 1.194651943779597 -6.4588197864540575 0.5754002232784714
9 1.3543650471245279 -5.988059634184154 1.2976449444726512
10 1.5071974169314792 -5.609472884169733 1.790940252555238
11 1.6143861471407774 -5.485715306451297 2.1584915427080986
12 1.6454785656176476 -5.7117525782323035 2.3934438813145036
13 1.626031611992996 -6.32469352527427 2.400664076247274
14 1.6538600570775124 -7.7341821622934575 2.1569037714713133
15 1.6912982630859545 -9.635593437617075 1.625247666818062
16 1.5680695084681702 -10.20733951926291 1.2710867743851466
17 1.2412193289727895 -9.153001523177174 1.3714504895608073
18 0.8498258836442325 -7.930191617905436 1.7015717408324562
19 0.6120935860237076 -7.0121385039333575 2.2883774223730384
20 0.36007313767552773 -6.010500505314305 2.9261950001253823
21 -0.011499477576975892 -5.161255294003482 3.124977877673338
22 -0.508706783231105 -4.645973009501002 2.7268560328493834
23 -1.0343422256180865 -4.385333081696821 2.136958768468574
24 -1.4585190236243903 -4.3035979860571345 1.6397287317438938
25 -1.7631684569740673 -4.349922728239221 1.2894884632700183
26 -1.9484321633344197 -4.704885407375862 1.070841524452966
27 -2.06282713888806 -5.066923957646516 0.918076239162481
28 -2.138151131406818 -4.902069096631934 0.7546983734169928
29 -2.1615804348533127 -4.58657498111144 0.787766326953772
30 -2.1173177925280693 -4.214428537635428 0.9536039840844097
31 -2.0867934492170153 -3.8485696691711553 1.2146406101970655
32 -2.05822147118679 -3.5916009926488925 1.699347599978914
33 -1.9051306562594017 -2.998574399544033 2.3484634642538325
34 -1.5818904673005854 -1.383887992048905 3.0694654954987968
35 -0.9987280695572096 -0.20786979478995704 4.352713782025447
36 -0.4237897377857358 -0.1977431487124548 5.2643360030418975
37 -0.26426082651960314 -0.7946394559976611 5.355496111871041
38 -0.27168814773748906 -1.6897969056181878 5.02960520218187
39 -0.2973985732593114 -2.4163363362440933 4.384813530637764
40 -0.376500249981234 -2.9095632148344066 3.727993156376648
41 -0.4613111887501091 -3.5898870018206424 3.656077928194101
42 -0.5506249934677214 -3.95417677244653 3.7687431393856485
43 -0.5243597240873257 -4.022117494512166 3.9764645611344136
44 -0.4039896515363388 -4.030464811929555 4.179087767779194
45 -0.25506899551657725 -3.9878394851395527 4.286715656353778
46 -0.09621953014292828 -3.9034773683124158 4.384831871895663
47 0.10610973072747854 -3.80470861073389 4.533535172928779
48 0.37572686795183685 -3.394545507523979 4.716692528380484
49 0.5874066219013763 -2.5427808242383563 4.908444607160966
50 0.580404324747871 -1.549205145256991 4.978229572816041
51 0.44570785730341456 -0.8976835340662817 4.875751006589084
52 0.3377288797132181 -1.254426389518386 4.584400598065301
53 0.15915730261893302 -2.5180036301666746 4.028306964476663
54 -0.15344643072956288 -4.622852548825257 3.3274085776293205
55 -0.3489985659143997 -7.289048819097488 2.5753366911826276
56 -0.3858030935664303 -9.839759847414783 1.6740985447296381
57 -0.22609344748524407 -11.868517185792818 1.0018374713855849
58 -0.025485497113002964 -12.703600124094265 0.8409538952449935
59 0.12351657364596491 -11.751303923609292 1.2148902953961311
60 0.3125301177850872 -8.892658510142788 1.9629166058466865
61 0.5674507099812303 -4.687333626015459 2.580295392991353
62 0.9008202285502485 -1.7838652850944356 3.346673182406491
63 1.1007469873071436 -0.9053680807003204 4.08646621602562
64 1.1383325152142305 -0.39331183110709844 4.156786793734227
65 1.141336867127432 -0.2960890551890003 4.188772506718159
66 1.1761133581031942 -0.7978225277571269 4.66748712916808
67 1.1840841778313447 -1.094821671070008 5.142256645069864
68 1.124098540647438 -1.3291325920910069 5.3544194159755065
69 1.0076168043690679 -1.9972309798624437 5.29832417378509
70 0.8239171946683612 -3.239677213230223 4.93845335648556
71 0.6242476160651336 -5.095563989165839 4.332587226234715
72 0.4804372269982906 -7.455948943873615 3.4505035564186457
73 0.4029830329444124 -9.55696417255784 2.600193543307192
74 0.4638021196650506 -10.518113528283124 2.1033872595114786
75 0.6337911811291441 -10.51520209408865 1.7414073156697114
76 0.6370141271882623 -9.983571332039645 1.4052422335071313
77 0.46806353667626865 -9.204196299771048 1.1237417937676
78 0.22856356097458175 -8.41220633135027 1.0057106372117417
79 0.008724743635429633 -7.547648778876692 0.9861065326538423
80 -0.15138737335852426 -6.765888067573009 1.0566784857550928
81 -0.24812154083507565 -5.947997837139361 1.284521970600622
82 -0.23756760217826312 -5.06523961741707 1.6078807923796816
83 -0.2208247732399684 -4.292718045116722 1.9586784637504095
84 -0.2604834893295802 -3.726239307120288 2.250185555554495
85 -0.2756870006535763 -3.433790636768002 2.4112248211514213
86 -0.22274560084953876 -3.4596396636012514 2.4957663239881
87 -0.13632318368166096 -3.6760262582567194 2.4960218046890006
88 0.005940819164951705 -3.9966891777025495 2.5302772152183906
89 0.1483187531939798 -4.4673485823933134 2.563533502825692
90 0.33960337745052627 -5.063408152822397 2.688083890889118
91 0.6069466916753896 -5.550368826472827 2.8005649161153343
92 0.8811583998616008 -5.702870484453065 2.862348961959661
93 1.094357469855936 -5.409098773358437 2.9564308246208384
94 1.1540522476488704 -4.832020959145829 3.0275946356322905
95 1.0616097755328724 -4.319387469254835 3.05813278093634
96 0.8084150969481989 -3.7863345673911084 2.965533203890267
97 0.5432624004985307 -3.3588579027312733 2.778478108248528
98 0.4112353416207313 -3.009928370148927 2.562296115656686
99 0.30965595938556234 -2.480287891129521 2.282996010232914
100 0.17129090607949848 -1.9159005578848038 1.7658876624480158
101 0.03363072471286088 -1.365056512241832 1.0804500145830715
102 -0.02394413698487341 -0.6058464397979222 0.428009423928593
103 0.09571463646101819 0.12478931099733259 -0.02907978745597717
104 0.3032308199573883 0.5589192124014062 -0.337901471709948
105 0.5234147869956622 0.7934715113381117 -0.6907824937691274
106 0.7928591889006924 0.8825618618422482 -0.9864746817288363
107 1.0367470302351371 0.6623890161632673 -1.1695604760099272
108 1.14800681318113 0.11534658195274972 -1.3489549090868707
109 1.1395387316787122 -0.7296573181823547 -1.4219174272192205
110 1.085210155546612 -1.829480228352601 -1.385200638987719
111 0.920000450584677 -3.210678183041825 -1.3200886533408251
112 0.6353466370056076 -4.763506945220939 -1.3051482886485246
113 0.390220361839944 -6.021369100759138 -1.581383869484803
114 0.1996528164340603 -6.982341451208789 -1.9034574431547426
115 -0.034588671151905004 -7.744240966704851 -2.185100285715407
116 -0.3352444110303665 -8.500694492599997 -2.4977408292255845
117 -0.6698795140398062 -9.22847701750122 -2.7772467785391157
118 -1.0242195033615005 -9.764083965134944 -3.0758678715280823
119 -1.462020449583747 -10.171152512315992 -3.416903261079675
120 -1.7992418522395321 -10.384048803980747 -3.726250006198626
121 -1.9706309058968468 -10.462620390806421 -3.931782422865666
122 -2.107400671765404 -10.37655473018254 -4.087491498340178
123 -2.1877380445783596 -10.070836290494185 -4.214548910839071
124 -2.111843011025424 -9.658278003616601 -4.123060213694579
125 -1.8190214853794866 -9.060184316172624 -3.839111936920311
126 -1.265843463086192 -8.114172850612817 -3.3048835607795652
127 -0.5905065972754713 -6.67021429064755 -2.6077564864410547
128 -0.19636499729589119 -4.79059197637946 -2.070161952126334
129 -0.16276671095678452 -2.68760050272671 -1.6931437100465345
130 -0.18627912156026483 -0.6754056600714975 -1.409331362518948
131 -0.16735243516368925 0.8166570677924412 -1.065675662626333
132 -0.11970951953657405 1.642009298971633 -0.775783343270497
133 -0.06695394303529412 2.011830366647251 -0.6880032313857996
134 0.03181091817588921 2.064546414501857 -0.7342420604093931
135 0.16671281516872938 1.992234462452732 -0.8582777082438255
136 0.24439765389460177 1.9178114704300828 -0.9865849003692233
137 0.35476934919137193 1.8784986878721028 -1.0850960588458705
138 0.49193020998238524 1.8632622596477475 -1.1267422572168115
139 0.6241214363372443 1.8194154781461371 -1.2228327019061211
140 0.7777866321958555 1.6596770257443758 -1.3912537616099954
141 0.95586617382925 1.5061588759510158 -1.5626693479469722
142 1.1233380002632316 1.4117638744125642 -1.743274952763791
143 1.2527242011927449 1.3515433181683818 -1.8360739598144775
144 1.3298234644578102 1.3554339657136865 -1.893550127203362
145 1.3991239979858143 1.377449354087119 -1.9268989252599908
146 1.4886084785146423 1.4227212117108294 -1.8690173144999562
147 1.474932218475594 1.4766236335448397 -1.71466587782281
148 1.3983003988771117 1.5227197566042356 -1.5831761653087497
149 1.373452283844177 1.5701055578944505 -1.46156867852455
150 1.353968330060905 1.6455285548188492 -1.3051490847013767
151 1.3575617468391172 1.7512400956424194 -1.1783767600890585
152 1.376062236083321 1.8726564405756108 -0.9999816690813574
153 1.3531778456513202 2.0443790721784687 -0.7389284800662352
154 1.3204657495475693 2.253213406385349 -0.5116993178298017
155 1.2956593197655444 2.3985203470713277 -0.3721401313131594
156 1.2669180968355676 2.457361162245384 -0.27329057451986216
157 1.1953478659995511 2.500570396829012 -0.1971231426818818
158 1.137773697966452 2.5747439776444896 -0.13665824985264408
159 1.105934175794598 2.6487218771287715 -0.06266441121493926
160 1.0687389796921565 2.7065456451118877 -0.027062060270814925
161 1.0197351959764376 2.7542577975623814 -0.01703232479596295
162 0.9889873701369929 2.777829380597865 -0.010811726119747789
163 0.9771402899701833 2.758972484029206 -0.03486865760021374
164 0.9454414994818592 2.738757012479855 -0.016502540528975373
165 0.8964796529713688 2.737840508993937 0.007062816030263264
166 0.8255280195739481 2.7049832091236734 -0.013437853173797976
167 0.768989370740961 2.677652158980983 -0.035845546526267924
168 0.7412941905610175 2.666568579325448 -0.03982495806068442
169 0.7459701240241827 2.634905328514691 0.002746388512512965
170 0.8144292745211068 2.6283493331767893 0.018600182736918214
171 0.8613302503489884 2.6324756461667764 0.054813526470681495
172 0.8661941170541745 2.652314205983245 0.06571245150764327
173 0.8777848342685921 2.6471640111642323 0.06631355909458847
174 0.8992257714890783 2.5764294095211575 0.07139325161346477
175 0.9308169628998115 2.4823516037735534 0.003659483364145899
176 0.9265716331126512 2.3580001507910158 -0.08895326065638898
177 0.9159965477063601 2.2363266648535696 -0.13412558214849213
178 0.8948163112587189 2.161124395646283 -0.20729494441276586
179 0.8772823666225982 2.113034605996674 -0.30726625277063135
180 0.8447780620273768 2.088552147158852 -0.37922625853846625
181 0.8159025791727359 2.1171355729495787 -0.39888988855832963
182 0.8105931385757259 2.1680154547886232 -0.39493379673034923
183 0.788172056647582 2.2191849973009923 -0.320507115534987
184 0.7353256040929566 2.238565427136738 -0.2932125075392378
185 0.6765542756385017 2.2328842909427635 -0.32364581943426174
186 0.6559161823321205 2.2167862222141803 -0.3462630991602964
187 0.6724662500174361 2.174606636881828 -0.37765517713911123
188 0.6851196326721904 2.1536794607948107 -0.4248471440512631
189 0.7151996736089536 2.148072083865152 -0.42535478165100216
190 0.7503761648321614 2.1483181266668687 -0.42387564721571636
191 0.7702715101724245 2.15049704916256 -0.4453378382292854
192 0.7969908878270004 2.116800571596036 -0.48100763043869676
193 0.8066478132956867 2.0702131057507103 -0.5569857349783902
194 0.8248663381651475 2.0332426681530187 -0.5733159504774292
195 0.8694867467135907 2.0028842955521124 -0.5740476103020242
196 0.9075330197142186 1.961391072262952 -0.511110357967091
197 0.948896946912317 1.9329219510845412 -0.38215229222242186
