0 -0.10132963011224427 3.5407822724189106 -15.472445503446774
1 -0.1807790715963028 3.4201336701274396 -15.43940600797566
2 -0.29189718105725626 2.9680533838402816 -15.173192807967485
3 -0.40226550531145955 1.9281951135427384 -14.945550582172647
4 -0.49799185504919785 0.17508296938271428 -15.353707377591977
5 -0.45457346476035576 -1.1552045346657067 -16.372954281347102
6 -0.25900636634193697 -0.6007225444645314 -17.423847663617106
7 0.03647823622429647 1.0195747551191392 -18.056066823333925
8 0.2172343286340409 1.89297485284626 -18.3134193397655
9 0.2823662811388653 2.1261869937296307 -18.396064433436496
10 0.34414106383036247 2.3206885637278543 -18.45547871276545
11 0.3395302687179639 2.2579372187851856 -18.432982186215323
12 0.22241751591732373 1.927171285620327 -18.36057539967027
13 0.01772621042109057 0.698212242481576 -17.833321172906043
14 -0.239339365018869 -2.679803538023963 -17.513729026001013
15 -0.45242352457709367 -7.691438154183762 -18.979319646162477
16 -0.6891823352369121 -12.361650159170198 -20.79566515755899
17 -0.8350191374357591 -13.931689659682071 -21.874760591311894
18 -0.9632108265174691 -12.494934694446815 -22.444352279006257
19 -0.8137742639175348 -9.499390459228815 -22.312622790398247
20 -0.2376655662455439 -6.003157079579506 -21.00718724773345
21 0.2942694819116719 -2.11104722356278 -19.63793588314542
22 0.49807274540657664 2.0453396414897558 -18.704749000727954
23 0.652012985421815 4.538376801294968 -18.17312801440907
24 0.6761248710081761 4.622852390291287 -18.076459230159177
25 0.3260378582925926 3.034442707789294 -18.02905508955175
26 -0.1366386988016023 0.8719099991840231 -17.932473768104085
27 -0.3315705315014602 -0.15119261103436799 -18.22400312311453
28 -0.2993655113881436 -0.11533941895083366 -18.572546520384304
29 -0.20593586351442406 0.5070313382984875 -18.69360081654533
30 -0.1685966108455771 1.454030358553922 -18.709880503710043
31 -0.19233634821778745 2.248341542860123 -18.67729007417331
32 -0.19952839218359963 2.6084690694462065 -18.73002115698991
33 -0.17624509991528592 2.547101059546131 -19.036920659965244
34 -0.13957765606844086 2.341828770938987 -19.935061440066892
35 -0.037742691900981895 2.208814052942758 -21.751580126720203
36 0.029055677645760114 2.186022516288503 -24.052511283172937
37 0.05685971369802323 2.436931567009008 -26.181879642734497
38 0.10550458607000712 2.837283385686103 -27.65991099885151
39 0.16633115044103042 3.4279337187433025 -28.275020553669346
40 0.15326079272103732 4.2759884479371575 -28.020270494690433
41 -0.003912975429828491 5.062363080225966 -27.394168919608727
42 -0.4059110441042163 5.561461215020435 -26.384948099345873
43 -0.8727658742483703 5.432659677710843 -24.675877723347842
44 -1.1875674589941148 4.833566930048553 -22.967853640388785
45 -1.3046983149766063 4.289891571925921 -21.769093999067156
46 -1.3366124510612791 3.994433837798594 -21.08139872333511
47 -1.2827351199831134 4.070951054149605 -20.887763313479798
48 -1.1309148450152917 4.470563165943238 -21.041450732637127
49 -0.8761909102553934 4.510985076348566 -21.647103106444998
50 -0.33617514594954423 4.29142940679654 -22.649296618648872
51 0.16382607129413407 3.803733590054909 -24.13059308563422
52 0.2982983975021819 3.042189561598903 -26.139607715815533
53 0.22772828608391527 2.4992504217827847 -27.96228235503308
54 0.187789887389601 1.6955652445654668 -28.751644613105537
55 0.2548104314201064 -0.20753052684892204 -28.277404188485033
56 0.3794319099646929 -2.8842610666462445 -26.867718474796735
57 0.36946841604017655 -4.563401204465954 -25.37778849486156
58 0.35972593180091883 -4.252102003691409 -24.0371087439157
59 0.4619199683773717 -2.57283399139053 -22.622052518496805
60 0.6374250019463817 -0.4074715958695734 -21.368626083513444
61 0.820581063898422 1.9200194428047492 -20.784726204256547
62 1.1281405387622265 4.082316150904608 -20.978788547903402
63 1.2393808828790491 4.892896679151692 -21.523591472385913
64 1.1965198128654095 4.489856530140038 -22.092681648586623
65 1.15337744781 3.681443906681997 -22.93026329964827
66 0.9550776791184236 2.7499325685566607 -24.29460815722584
67 0.8097630786815438 1.9301922429105502 -25.76484299454307
68 0.752181419934472 1.7356259794611208 -27.24822075058272
69 0.5945766603158896 2.104272926641933 -28.903301565857962
70 0.3798839732969471 2.1785663074378707 -29.834771901313562
71 0.08326514953678787 1.3288736224192998 -29.33644963266909
72 -0.19953390760984158 -0.6872508297762678 -27.296820692177594
73 -0.5724632965336424 -4.989767106372112 -23.43369899477128
74 -0.7474085114872023 -9.739106648997064 -19.93655586211003
75 -0.6524634230529903 -10.759821729191295 -19.239728123786005
76 -0.4417399584138598 -9.340590639535227 -19.521804363273585
77 -0.20814495350768547 -7.147575512682555 -19.290235936826353
78 -0.10811762310303885 -4.892729458289817 -19.136303693329882
79 -0.21869488744032617 -2.269612692966829 -18.85315558574084
80 -0.4803284039586527 0.7409167756898416 -18.31094837356743
81 -0.5569855775654572 2.940015391576315 -17.935348972027764
82 -0.4918623743499969 3.6362535098481974 -18.014631142893318
83 -0.4463556755354444 3.347156378186158 -18.512362085604853
84 -0.42318795066383197 3.08645633701053 -19.02258168040238
85 -0.3987708253776864 2.9543770739553974 -19.35050028106399
86 -0.3656493616275943 2.7938060895540335 -19.52758516073219
87 -0.3463043698011864 2.6219360973353627 -19.54366427485947
88 -0.35816697302970135 2.4021964770561777 -19.239831061120494
89 -0.4555887822102752 1.9633532810793106 -18.333126507037722
90 -0.5213393482269962 0.8029732508929026 -16.772093186760433
91 -0.38745284469277175 -0.23828678075765986 -15.765711342900861
92 -0.251805582584557 -0.2867146400370544 -15.828042655551027
93 -0.22332671753034583 -0.2813867208070775 -16.100616587331455
94 -0.1618335192856305 -0.16832582718515177 -16.16163531128417
95 -0.13470478293001997 0.13509575139640262 -16.186260081042175
96 -0.11920566426352985 0.4589029688709303 -16.32919167961629
97 -0.11726509213623737 0.6893795599787982 -16.55632886154717
98 -0.17000236314104578 0.8606465618778554 -16.7987909647975
99 -0.20577183267694943 0.9863377105738813 -17.135689864044085
100 -0.2496718521128768 1.142868376322781 -17.681936019213115
101 -0.3344861852595903 1.4221072842182743 -18.497729011588657
102 -0.4239120154641126 1.83462000191472 -19.634114534882425
103 -0.4139488524431568 2.201768161551188 -21.47068188485387
104 -0.5145341701223755 2.4402631209128725 -24.432731474463562
105 -0.812756182210664 2.727794777073429 -28.23810588013679
106 -0.9895614275852415 3.2904955992641955 -32.30470955698689
107 -0.968565657923706 3.889055569296227 -35.73755330808811
108 -0.8220185457440449 4.580016788420243 -37.69237970930999
109 -0.7177201161572716 5.605624270660359 -38.14735686526426
110 -0.6664503024055802 6.6810398522989 -37.31021410213181
111 -0.6365735761773313 7.461739313954608 -35.559407190672545
112 -0.6928358172853505 7.635908156137889 -33.159407912254494
113 -0.8028925135249677 7.196687444484988 -30.140405084697218
114 -1.0535122854610122 6.506488108720321 -27.297034042291944
115 -1.4783863660822099 5.893978000925001 -25.49087146713045
116 -1.873891903692955 5.538058655442208 -24.519276533811595
117 -2.1462832014058306 5.54663403933173 -23.979976720533625
118 -2.363697980399601 5.47459504234409 -23.047560298917585
119 -2.4860401564333734 5.067472705492721 -21.715283181766818
120 -2.586856765281682 4.441868974827509 -20.735205893498
121 -2.550503461426382 2.4952818072857195 -19.093494170606053
122 -1.8522313623037845 -0.7729007300418793 -16.743955681070954
123 -1.253622966597129 -2.7685038083801565 -15.60072235462761
124 -1.1305899049020183 -3.0354870214018934 -15.54683149435704
125 -1.153930055784206 -2.736954282695768 -15.733707950419689
126 -1.1538840360334048 -2.1114226535585985 -15.847595478190943
127 -1.1910253758986271 -1.4716680529197088 -16.097502385184082
128 -1.2212940275628958 -0.9662319697321191 -16.451522634053394
129 -1.2387358158150987 -0.526602495732492 -16.827498257748562
130 -1.347509721298033 -0.25827084780048004 -17.389301411181282
131 -1.3907037792710546 -0.019311066050301307 -17.853576997983485
132 -1.3781701945064753 0.2352153390480165 -18.187762797303225
133 -1.4217803404740024 0.418644670123685 -18.471880818715764
134 -1.470082912143249 0.5271495357164451 -18.390648715911244
135 -1.592313398657962 0.5242744124947674 -18.161322643186242
136 -1.8529231514764652 0.5375895528041035 -17.91351231348038
137 -2.036629655716888 0.7752953414038668 -17.608586622283486
138 -2.1226982231730083 1.3950480361757815 -17.27287356970532
139 -1.9768924450231267 2.4358642176835925 -16.624267259705075
140 -1.5013099377773265 3.522143151131628 -15.881583339231259
141 -1.2116173678528255 4.040329996200528 -15.594963120768238
142 -1.1059871495696192 4.207285704116805 -15.55598644022174
143 -0.9901929727794906 4.356482577311477 -15.532504315907016
144 -0.9218254612627147 4.447117113271409 -15.581510561687598
145 -0.8505952306897425 4.487102832346361 -15.566186983894465
146 -0.7749531293487107 4.500384657907242 -15.500431271033296
147 -0.7604807594987383 4.495067405819041 -15.498368668268082
148 -0.7285138473470146 4.49011799183849 -15.44978506867508
149 -0.7432313707633623 4.459831353492591 -15.42872483010068
150 -0.7321944677981852 4.445864803329355 -15.352511183234736
151 -0.7384064421291517 4.449893461445727 -15.364997718160016
152 -0.7531224230470931 4.448162497172726 -15.405418603428128
153 -0.7382453852166803 4.447613703557197 -15.39935458223481
154 -0.7157001257784769 4.458515052326264 -15.320815282466508
155 -0.6887200637452094 4.4615855093371 -15.274531569955034
156 -0.7009183250925636 4.445645332420776 -15.323908498825208
157 -0.6701204771616757 4.46036659996585 -15.263743556439405
158 -0.6396795870984396 4.459758641740544 -15.250457318642017
159 -0.663006039819796 4.461748910007744 -15.266673279798372
160 -0.688731045431035 4.455942227313836 -15.301637120883068
161 -0.7090739045361912 4.44970821145972 -15.299963262120865
162 -0.6669001821318273 4.461797686747742 -15.238312148176302
163 -0.6248610119358643 4.438955041927114 -15.19724745999979
164 -0.6472262465179893 4.426618261147249 -15.217442787471594
165 -0.6507531612185117 4.434721598222703 -15.184908968931413
166 -0.6391360785870054 4.41868583697409 -15.170128285404818
167 -0.6441232070798589 4.394888756630367 -15.198765711948223
168 -0.5873393816666391 4.3816715142190095 -15.111237031975026
169 -0.5545899896502154 4.367207361562718 -15.016514874466214
170 -0.5733292830225641 4.31255299812563 -14.97176038744357
171 -0.5757963539736272 4.275359634956532 -14.917137939876081
172 -0.5959696335019492 4.251055097612886 -14.959411567098112
173 -0.5850599300220102 4.243012635392047 -14.957259170558356
174 -0.5400553838150882 4.259262170105972 -14.877706770188997
175 -0.5159982752171123 4.2584938388311055 -14.886664958731078
176 -0.5183047176714032 4.24255577390271 -14.871177034640983
177 -0.5653126641715515 4.20590303224156 -14.91792958860989
178 -0.5811093003292432 4.1760608741241025 -14.977747779951162
179 -0.5646552896837077 4.198611794787569 -14.968158870739455
180 -0.5457572790728461 4.233244504138328 -14.952933534533006
181 -0.551552130485715 4.227426124491965 -14.968934595608484
182 -0.5527377335244074 4.235087283937512 -14.988979353520502
183 -0.5524079994491883 4.235610471622449 -14.967978068117691
184 -0.5626757812231465 4.219220574606039 -14.948896647976294
185 -0.5120463015069182 4.242558574865539 -14.88969517903887
186 -0.4882507707860432 4.2276635945805285 -14.840407434166448
187 -0.5329688947867636 4.183333546003743 -14.920992072530364
188 -0.5469025705394811 4.158021136885841 -14.953919717349503
189 -0.5211531615027217 4.17008787666631 -14.905920786361516
190 -0.494241211953914 4.1674403509714555 -14.895475566574664
191 -0.4829036102329999 4.167576847446357 -14.897828344943601
192 -0.5125814170003208 4.192742625022349 -14.91304889849884
193 -0.48315290070775896 4.2187342974147 -14.853464856575425
194 -0.46695476197390684 4.2028103928858815 -14.814782643868352
195 -0.47110861833045925 4.1360532666463445 -14.829826710711426
196 -0.4825916622310634 4.060369655888392 -14.828794956684039
197 -0.504641890991047 3.98786331625322 -14.828759803006921
