0 -4.133898828506719 4.5823632261666045 -6.783596193906753
1 -4.144537207218927 4.565654533846958 -6.762132625839829
2 -4.121942794532393 4.45999649150731 -6.653325687420207
3 -4.066092204177498 4.286740847646762 -6.502644270408698
4 -4.017646591162143 4.0521357257976724 -6.4995299645410896
5 -4.032973791390183 3.8305823853895684 -6.731725192393277
6 -4.122760682033092 3.7914209410797697 -7.062676959573746
7 -4.240136050006698 3.8871600864234126 -7.282922118314726
8 -4.302640805960215 3.9600015537096103 -7.318760722512849
9 -4.317320953146692 3.9757576608695726 -7.312196696083291
10 -4.326252332062784 3.979936278817551 -7.3492114868173495
11 -4.311264189897238 3.951207327689176 -7.377894718363777
12 -4.247950035739142 3.852586612346824 -7.405852651284732
13 -4.129957458046264 3.534203850717859 -7.399471568993615
14 -4.158778541741664 2.6207437747606614 -7.544654868880727
15 -4.441968887412021 1.0626977819047387 -8.223757954598748
16 -4.621279771831374 -0.3078555992119276 -8.737762551766268
17 -4.822265693702957 -0.6693213106511107 -8.886873082990947
18 -4.990375647955555 0.13271027740351427 -9.018017723636207
19 -4.8651990240775005 1.7793293906771157 -8.830017831950515
20 -4.546161645866337 3.4473705976763163 -8.21452953691381
21 -4.283417220903119 4.474775270323274 -7.853722540823515
22 -4.200942455195073 4.9128672900159795 -7.77728716386893
23 -4.181442906700025 4.995611744237731 -7.6774352368910215
24 -4.175709707185633 4.912760833073559 -7.608221253602206
25 -4.163367645911271 4.594062548133888 -7.589911233423376
26 -4.1437928529805275 4.136636080922315 -7.585584572737783
27 -4.193636638168621 3.819078279080815 -7.752730874094997
28 -4.279611997051236 3.7406880301120586 -7.94386313735356
29 -4.353847615097613 3.776559188157121 -8.011630824202834
30 -4.415734522096755 3.821950980311343 -8.049448771113115
31 -4.451736273216221 3.851035167903818 -8.066660996941218
32 -4.455858231281929 3.8672711995336457 -8.078489304616186
33 -4.460519574093639 3.8559670453097135 -8.140593242164359
34 -4.518972775249938 3.7471604623584223 -8.404097734872105
35 -4.692843819116791 3.5684444977794905 -9.076316255279474
36 -4.937430031259871 3.3836438214392603 -10.017768570697742
37 -5.142592844378245 3.224372450231923 -10.911429453215542
38 -5.2775558622131955 3.1224309268257397 -11.535431067915406
39 -5.326755829308824 3.1216445025300694 -11.775248812561047
40 -5.292604326705679 3.255174790930845 -11.70840884493501
41 -5.222367214916363 3.4518088381130654 -11.531555847040027
42 -5.115673259272431 3.629643500041992 -11.216667431710215
43 -4.970636656031579 3.756605059055047 -10.669828204825011
44 -4.874118398602538 3.802663284741796 -10.078824242788963
45 -4.8217817682837625 3.7959402243727065 -9.642576790251661
46 -4.788578460068583 3.810260727552684 -9.349562244150556
47 -4.765213735463338 3.884744831945206 -9.22499842927723
48 -4.747936876174191 3.9735005086975783 -9.209607865456343
49 -4.7741367374926496 3.949166806471075 -9.251052605425878
50 -4.84684585811005 3.8024554525800576 -9.40878754980667
51 -5.0254693253771565 3.484411292443237 -9.825102581755042
52 -5.348314815579871 2.9700500567709427 -10.594606830767008
53 -5.654109576760329 2.504447510347308 -11.385438877229989
54 -5.68722552451803 2.099150508171362 -11.791321469755639
55 -5.4827373827515045 1.5336338730046486 -11.7720467006547
56 -5.2569450609091435 0.9626652418816506 -11.367903613553752
57 -5.16099965211547 0.9294060277279308 -10.776043286431412
58 -5.12102980038427 1.6814196296159314 -10.104427616495885
59 -5.021009245076498 2.7084182476350143 -9.378624310382415
60 -4.781835250392011 3.4236622940598447 -8.846917240392367
61 -4.581644073437668 3.8448204516007967 -8.583578501645983
62 -4.539064589026901 4.0748764654015375 -8.539615122106385
63 -4.534567672742859 4.109919942000847 -8.585384034258881
64 -4.533681867460019 3.973178819708004 -8.668609614247943
65 -4.643410625264596 3.599085896883047 -8.94594543249327
66 -4.834783341492609 3.038684470410438 -9.48775076369603
67 -4.920682380967643 2.5682258919576353 -10.158031784965155
68 -4.955950278371987 2.23375906369396 -10.85874187407091
69 -5.031997159849147 2.0084566163965616 -11.531006429326668
70 -5.102180871040461 1.8173002707787513 -11.939962048388297
71 -5.1228518327440975 1.5356568572947755 -11.879953210358964
72 -5.061604102434408 1.0624012231608622 -11.256735684019334
73 -4.840334823617369 0.2982201624122305 -9.884088807857518
74 -4.687500896984006 -0.3214748031563057 -8.303454578108203
75 -4.805547931834288 -0.046395967921089465 -7.752605928898841
76 -4.799211418328427 1.0504198155604123 -7.699118391584015
77 -4.6907485113601455 2.467312887843772 -7.489268983148019
78 -4.560048208750076 3.488982272796204 -7.469576101583655
79 -4.431352919931567 3.9836177368849515 -7.643481973371312
80 -4.397953134817368 4.249764285095418 -7.718561104874599
81 -4.406948400803155 4.338070601071985 -7.682815863817861
82 -4.410895875694192 4.273566079066567 -7.7156273524238195
83 -4.425048423190389 4.102318416235846 -7.871193338651359
84 -4.449291755483499 3.9459510482894173 -8.049966345839183
85 -4.465041463619779 3.842206774526383 -8.159401571203412
86 -4.47000758566688 3.7844472494762837 -8.192189984627563
87 -4.455321068009487 3.758597029586935 -8.17741131575177
88 -4.435584001419607 3.7385242510628642 -8.086128925177599
89 -4.40385094618066 3.767204147261961 -7.801757229186087
90 -4.333780806651155 3.826749117503024 -7.287409743937619
91 -4.2839787488006325 3.939056160041217 -6.88567287481791
92 -4.2829759343031535 4.131691840640693 -6.796348058019301
93 -4.2612667141940035 4.317349776349902 -6.7791248293952435
94 -4.22780401965515 4.501619353339919 -6.777982320581167
95 -4.216841720926774 4.644153577826243 -6.77589112993401
96 -4.2111997877596155 4.744927250144986 -6.794586932902703
97 -4.196057083792886 4.8148222494549024 -6.839284281348039
98 -4.1960056581726475 4.8382786082233125 -6.89591258117083
99 -4.189038332185096 4.854097021180044 -7.001242092593138
100 -4.179379261055645 4.856161266910707 -7.209597861916084
101 -4.194115963788017 4.8284649109954625 -7.547959021750458
102 -4.229550385210563 4.741901940369262 -8.015272121780102
103 -4.326425920162749 4.495874621285015 -8.741984317298355
104 -4.679788101156428 3.987387944264413 -9.964833591486398
105 -5.227877718609212 3.3324994812698647 -11.587814132948575
106 -5.639831895222792 2.649014036217125 -13.290440020127784
107 -5.794505698112107 2.0385477303229433 -14.577363828018564
108 -5.826011367198775 1.7992683159269105 -15.180120915300398
109 -5.85520955662481 1.9853362686713738 -15.19902221804667
110 -5.840481721931567 2.4310482358272076 -14.880897251710133
111 -5.68523257604429 2.9400149645996163 -14.40507337037735
112 -5.438718555088541 3.4647919772365987 -13.72889618793692
113 -5.187311886722479 3.965436156319335 -12.841725674105591
114 -4.998385400883692 4.260493968153904 -11.95751710023565
115 -4.904611596855731 4.32171152285205 -11.370082995891602
116 -4.884130323106404 4.261289173417662 -11.015769326557981
117 -4.920182643214896 4.063544313021634 -10.71434370483563
118 -4.9958567807505725 3.7308859384645765 -10.248708965846975
119 -5.043939195456976 3.4105056853097317 -9.68124762516233
120 -5.024539590197638 3.3186010836857434 -9.349647536874203
121 -4.871754656936774 3.441028376496838 -8.86945631700099
122 -4.593270496087691 3.6751080227303246 -7.880043110681687
123 -4.403611394921804 3.921944389009067 -7.192959753613419
124 -4.350746830995004 4.132142309512188 -7.088239863877362
125 -4.318636029085835 4.282144869436463 -7.072147935822045
126 -4.301236931820745 4.393210054097294 -7.098578034365669
127 -4.280724550349148 4.422446463657328 -7.1550611826169614
128 -4.27000198323485 4.400335318635532 -7.264474692615995
129 -4.266429345879414 4.377006036368414 -7.410851485834478
130 -4.280046656177771 4.329980923091904 -7.5429162797339195
131 -4.313856729759013 4.2795259678391915 -7.677704112829982
132 -4.328374231723431 4.24710572289001 -7.798394176868765
133 -4.339600270269915 4.2122840653286655 -7.877052991287133
134 -4.343052861857873 4.1957620659934705 -7.892271779808688
135 -4.3395127832523235 4.149462212485588 -7.879757459860759
136 -4.346787342211161 4.085132361676431 -7.863829902902648
137 -4.35967090033352 4.043139961921364 -7.819164672521708
138 -4.384803413833009 4.000080348269442 -7.722989483461525
139 -4.361468959278938 3.9584835607953974 -7.430061004608749
140 -4.260906638551707 4.026163417353963 -6.934976095746229
141 -4.165706621438686 4.201242710576588 -6.6343130590847395
142 -4.0837024576447645 4.37895267415314 -6.518992955594211
143 -3.992287056823931 4.579390268982323 -6.429456033733231
144 -3.9010784263645646 4.79840330712012 -6.350167971676605
145 -3.8033818779089343 5.057902202500314 -6.251713437460992
146 -3.7294769543004143 5.292235860373195 -6.149642701275923
147 -3.7142130694838857 5.428423556063612 -6.07034707543302
148 -3.7118102859718465 5.522347666409411 -6.012823773390558
149 -3.7242495488299006 5.576503748868747 -5.961324195162433
150 -3.738225695307713 5.606959193542741 -5.936296726271763
151 -3.74974739771064 5.638545722761565 -5.925739367934668
152 -3.7628747009904298 5.64993761483116 -5.921818734509333
153 -3.7803627650577396 5.663651222557171 -5.932155309928699
154 -3.7861905313384727 5.679046685280259 -5.924951745400751
155 -3.7910486185569474 5.67817155501522 -5.914794575852127
156 -3.7986520147155534 5.683147465448625 -5.915427027666691
157 -3.7987231532297616 5.687680325676697 -5.914256263653822
158 -3.8036925233377157 5.693163723982975 -5.916043984779225
159 -3.809589370500342 5.69442128126563 -5.911833293830206
160 -3.810813657494849 5.693315718195755 -5.906032160163278
161 -3.813106476606698 5.6991006542736535 -5.890471220226598
162 -3.8106959384373833 5.712873871449986 -5.890011129641909
163 -3.8203628885483236 5.720414901833536 -5.8896529249527845
164 -3.8246221853658944 5.717599710338172 -5.878447495143977
165 -3.8234390054171086 5.716737390708682 -5.867902180662508
166 -3.828599253142254 5.732026905138451 -5.867580869302095
167 -3.8287207107163996 5.727779360940321 -5.862585885596594
168 -3.8190169925769264 5.721096992854026 -5.852310915492112
169 -3.81636808112135 5.711811212478965 -5.822422184738421
170 -3.8379574194222132 5.684998733950101 -5.778350777560174
171 -3.857107897096854 5.6545207717363795 -5.736279825828159
172 -3.8625875068881093 5.617489500801737 -5.706605466600067
173 -3.8615601618733417 5.604963148303931 -5.688911263709535
174 -3.8624362839317388 5.605441874099364 -5.668237564220313
175 -3.8759565516053125 5.591067094343153 -5.663021550667462
176 -3.8867214004261945 5.583880031283867 -5.670788966927287
177 -3.8833772233602963 5.565825961006755 -5.675891032616558
178 -3.881126993506317 5.548739835797003 -5.684867504739216
179 -3.875491894116974 5.556861277024636 -5.693826968237502
180 -3.88161333162208 5.572005521533297 -5.695385197905619
181 -3.8748281801292594 5.572436856712736 -5.6934322612220605
182 -3.870862913713212 5.579840862278788 -5.697937901147782
183 -3.867105965083501 5.580571415079351 -5.689545275649017
184 -3.8649159297383924 5.576992061214918 -5.686615956788415
185 -3.873096328120613 5.58390925158195 -5.70638520701403
186 -3.8770833763886734 5.585542381919552 -5.699294409101686
187 -3.877756347152244 5.569840361773409 -5.686142323696966
188 -3.8721511725322997 5.558542796678198 -5.680818330601159
189 -3.874403979795433 5.5627714427175 -5.6785640985391055
190 -3.869346509487458 5.567685686383848 -5.6841298605982296
191 -3.8714667456548546 5.581702232601506 -5.6739361771474
192 -3.873967113978592 5.595866887817543 -5.657196533941768
193 -3.8689981262276656 5.60972177518976 -5.652069257020337
194 -3.8770574088451126 5.602847234561089 -5.661356402573723
195 -3.8823554414001378 5.578892827315052 -5.671514954947462
196 -3.8930071209745853 5.553762666334993 -5.658977007552746
197 -3.8948261420939168 5.525806647807043 -5.632638211597822
