0 1.5114396445696117 0.36759688522271716 -55.86067303756086
1 1.4727070158959799 0.3413946383933837 -55.68994581010979
2 1.4155845069651272 0.2220703648322111 -55.35028117617601
3 1.4219740115633344 -0.07023357994639845 -54.934134231987144
4 1.4014063678097224 -0.44000127913875353 -54.83670684301613
5 1.3451157894022878 -0.7752695147313347 -54.97315557885452
6 1.321409779628104 -1.0617979809745801 -54.85300180600409
7 1.1997474150078475 -1.2093099262338125 -54.39454666994722
8 1.085402740764446 -1.2686059010386526 -53.83367551941795
9 1.0021866215020148 -1.464868029327432 -53.422895401874854
10 0.8957356083675828 -1.7686884661091504 -53.20403158886013
11 0.8284177975848076 -2.220756772953404 -53.040262713619384
12 0.7742881487181942 -2.9686847424348546 -52.8185572397208
13 0.7002379348148283 -4.028424288255382 -52.519619647429224
14 0.7065724826418661 -5.399587807976495 -52.995924317743004
15 0.6765928726340912 -6.577851098183142 -55.39845226453727
16 0.42115473075901255 -6.569539563835438 -58.04838359716864
17 0.01611268824701162 -4.074139777999389 -59.492694126747494
18 -0.2033394348610157 -0.021124125941595295 -60.06360021103558
19 -0.08691587752636687 3.9290118879496703 -59.81592218001644
20 0.2017507881339201 6.686850988592914 -58.65928257818484
21 0.34752727475121736 7.880520134737301 -57.57252061639943
22 0.2199023701388173 8.0893148781738 -56.547779281084956
23 0.07420529063327186 7.937159662470661 -55.44392562059579
24 0.03223010470293863 7.1407900020599815 -54.806675543060706
25 0.08374058661045558 5.09716715011516 -54.50670300354268
26 0.3715774491535827 2.6027563496673256 -54.2414190924914
27 0.6483507469606332 0.9722379413395554 -54.30701174431441
28 0.8295349399340909 0.18951784301265207 -54.20572702963925
29 0.9310348870248278 -0.19724895967060085 -53.798333457210234
30 1.0082423640345355 -0.33118290666037 -53.482693052545685
31 1.1060095584460492 -0.2791553296973994 -53.26301293902222
32 1.1781367445218458 -0.4008477311140801 -53.16689135623349
33 1.1922594104370448 -0.6513144326861973 -53.234315484768075
34 1.2197515137764854 -0.9534252573376278 -53.63706964428803
35 1.2959543386917312 -1.4611314778909303 -54.74145150270904
36 1.3180830581295369 -2.261080712153211 -56.16649791785221
37 1.2507717860187832 -3.151716838674764 -57.43924621590152
38 1.114065707775032 -3.9489350622896007 -58.34514661751642
39 0.9845307963208386 -4.242499564856969 -58.66862532611174
40 0.9356767382965311 -3.7670635779374004 -58.54769563856978
41 0.9387076015409003 -2.935399025619864 -58.30304187557449
42 1.0896097639557696 -2.1020369964992494 -57.71613696314158
43 1.302042744916934 -1.1056658762106402 -56.721134228745456
44 1.3890996028576006 0.034471461473469134 -55.72260616410858
45 1.3692927017540222 1.38693981486397 -55.04327777418786
46 1.2391611152803486 3.2818883384026716 -54.72982175667566
47 0.9526870527258519 5.6009822235168745 -54.70130353802395
48 0.592672233927266 7.45402870059973 -54.66900608745895
49 0.40500613107144423 7.938032699838503 -54.73972171390173
50 0.27096857274151154 7.345729049438363 -55.03343683492943
51 0.3338657167386062 5.638599150713732 -55.708121334365885
52 0.5743896783024726 3.111408273446088 -56.86175529481282
53 0.7773354448794004 0.9397233453536451 -58.040588116772454
54 1.000145068445692 -0.5464594331301047 -58.654451230484725
55 1.3067935080681878 -1.8064858227186136 -58.75017460292331
56 1.5421917680795567 -2.7900630513382563 -58.341759715109546
57 1.6466460778825742 -3.126236253015408 -57.54937738822433
58 1.5586663463441313 -2.7235526688289706 -56.62761043986697
59 1.3417642974073218 -1.717365075906594 -55.52322151019696
60 1.1154912313028889 -0.7428714929746523 -54.59217018239218
61 0.9459293829725711 -0.25927988061379104 -54.17769419186155
62 0.8903868147569997 -0.13887890256510893 -54.098894450858936
63 0.9225852137656917 -0.36291610673336905 -54.27120354562818
64 0.9808287366913208 -0.9221344613765527 -54.41458694164665
65 1.049208326810993 -1.7855188092682095 -54.66770427262264
66 1.2145217399407984 -2.91615692488279 -55.267012565432665
67 1.436580714616627 -4.042732642082624 -56.03653726388964
68 1.6052051346048573 -4.859166932038084 -56.99428405425731
69 1.6647452816937567 -5.469474701903445 -58.1844683546836
70 1.5605688936884818 -5.863863264158489 -59.267390143498574
71 1.140627769295604 -5.943470505424177 -60.10463561876659
72 0.5540534827427971 -5.752460726307098 -60.58322320162969
73 0.007179402977085858 -5.067393586006328 -60.10534002334322
74 -0.8605274192256557 -3.285147127305228 -58.795008921414706
75 -1.6608342491043593 -0.27417526960382865 -58.30613172410028
76 -1.7964933426565124 3.3117169762422254 -58.392862784255925
77 -1.5256599260815569 6.2438042827069555 -58.00284327466282
78 -1.0775392271742894 7.499002016112973 -57.659562211072796
79 -0.7371443174701126 7.835342308911892 -57.270791827529294
80 -0.4982678301874278 7.9099102006314315 -56.17601731400141
81 -0.35453100433249796 7.541932416903419 -54.798322933043636
82 -0.06376819809972412 6.339730174305766 -53.929264743446836
83 0.5499150452577434 4.5085528725871455 -53.62680762956195
84 1.0527894140502831 2.943851750410804 -53.4992014605769
85 1.3084070447629927 1.8556740218048233 -53.42269116940315
86 1.3583659684846396 1.1115584229215596 -53.43238746563365
87 1.3047660514901858 0.570600559859022 -53.5032222944275
88 1.1811507784194348 0.2603465263534819 -53.62881418967679
89 0.9554882459214676 0.12389182010161726 -53.70799735996458
90 0.7818582936467801 0.13278912997079395 -53.634238105450805
91 0.7605857734949476 0.5687215099959939 -53.66365236687494
92 0.7346113343157713 1.4706494374868289 -53.80415709077225
93 0.7138218122936296 2.2036982971383434 -53.935004282695246
94 0.6716202584338214 2.8952259221301695 -54.0961305638576
95 0.6386686915424585 3.4798924623182543 -54.17184741925013
96 0.6261409869369873 3.69391472720379 -54.18477702622677
97 0.6212157619038076 3.726084304571634 -54.24057419598043
98 0.6612940208017216 3.7317165752416575 -54.35410398836591
99 0.6710604468015463 3.641569426697343 -54.48746877942598
100 0.6558027878133134 3.3576320202225656 -54.656441959406706
101 0.6560475578407777 2.844050458361812 -54.922544306549355
102 0.6776302436931326 2.1507044425982684 -55.39276804646572
103 0.7131893884918471 0.9458307007712428 -56.31210836493587
104 0.6578696343928089 -0.9296917957598332 -58.009148208494665
105 0.6411556857031387 -3.048651542754076 -60.36975283556957
106 0.787980524004619 -4.995229049719269 -62.8072418081874
107 1.0016100798634633 -6.630803080460014 -64.57686844626835
108 1.0479932756772237 -7.501344343753205 -65.31192791075304
109 0.9512251996791813 -7.615109844440568 -65.08265596138602
110 0.8340611587928729 -7.239384741326909 -64.24952017295455
111 0.8073355848904905 -6.591189827837281 -63.148652926838594
112 0.9551362549528429 -5.8503514988762255 -61.7713087119987
113 1.0343371922446054 -4.809886400418624 -60.12100376131254
114 0.9795818158461659 -3.700054236908784 -58.552139634850604
115 0.8721694015372942 -2.878431953192033 -57.651359788352664
116 0.7329949199402309 -2.3006831145368025 -57.27005663496257
117 0.5289979868085753 -1.7135471518935947 -57.08695031209858
118 0.21640139743175146 -0.8520353292894463 -56.8927631944439
119 -0.21575044726666215 -0.0035894238133842293 -56.71396647625063
120 -0.5686490995427368 0.7715947599984272 -57.03599627510491
121 -0.7206323310909978 1.6245709973492772 -57.33375723434392
122 -0.5561183005048006 2.7706804663903792 -56.65332145263949
123 -0.17355259726890304 3.610786576137455 -55.94422823328736
124 0.003719328675627964 3.8047510034992733 -55.912902913910784
125 0.1329981916768107 3.7307092952473244 -56.05227321612908
126 0.25209099077518593 3.5967900067111653 -56.0682021775398
127 0.32183154947638093 3.26479600478339 -56.00712728975736
128 0.3414583130425891 2.802066164077276 -56.03711454370254
129 0.3409481475522492 2.4062899997049563 -56.15953654728828
130 0.3815407343066065 1.9337340747684397 -56.258331296859595
131 0.40860760468635127 1.4238737294350443 -56.4780033732996
132 0.453552156363609 0.9706147483743361 -56.79618848574587
133 0.5423860269237603 0.6243498690369798 -56.987708187104815
134 0.5918978876081079 0.4691901358508819 -57.086703665692994
135 0.6402954475835744 0.3754173642432832 -57.21618782811892
136 0.685410537115248 0.28092494564112513 -57.35243165647837
137 0.6922918471512057 0.28421209869115494 -57.423871036486645
138 0.635762916148631 0.3534425178912226 -57.382010732602126
139 0.5870689106126884 0.2846980677175779 -57.18417314800307
140 0.44025021925580055 0.006050074676107187 -56.716393586313686
141 0.19420917925066894 -0.3853325148167457 -56.183261076250474
142 0.01994088939739902 -0.8425891133050456 -55.78142025864754
143 -0.1006436713790867 -1.2812985528202212 -55.442347776132166
144 -0.18536487102828525 -1.7107851590700918 -55.02307552094349
145 -0.21406646749667269 -2.061167196077527 -54.43255300294814
146 -0.1361139536117809 -2.253429513354332 -53.783216091126576
147 -0.08684697183707024 -2.3095736023628177 -53.26020679424529
148 -0.054670079984984965 -2.2643815954006428 -52.8340796016025
149 -0.02759917081993757 -2.0572217368639603 -52.54032025358292
150 0.06450528957923274 -1.8563583871978473 -52.37805354656611
151 0.21261694916309415 -1.687274642294799 -52.2582164441838
152 0.28872148626579863 -1.500110243142725 -52.17174091728674
153 0.2965929159443009 -1.3348761268985196 -52.12692328032507
154 0.33126694076574614 -1.2273705403395727 -52.14436336936518
155 0.31344095487632606 -1.1803011986409064 -52.104076605466645
156 0.37729426440183167 -1.3292905456888189 -51.97606239627751
157 0.47225188309058785 -1.4909755184020046 -51.92705515380645
158 0.5014896779044792 -1.5754798869479014 -51.89763460572003
159 0.4962940852502117 -1.6619003977793607 -51.850442410826304
160 0.4849655624659507 -1.6605517055262258 -51.80951010459755
161 0.5086119164336141 -1.6255502370952986 -51.73443393242199
162 0.5450170315642199 -1.6281761827523518 -51.62306779913958
163 0.5725927362280482 -1.6122009014671868 -51.4967057269468
164 0.5510718160399884 -1.554684374524486 -51.367658813436336
165 0.5248398894365126 -1.548256606881571 -51.186643538652646
166 0.5577823464056048 -1.456994951721029 -50.97140296670241
167 0.619734667914211 -1.1982837282774863 -50.75134153398021
168 0.5574386374845789 -0.6731887463537571 -50.62227280735229
169 0.41686236126473963 0.7745459988355865 -51.129776927398865
170 0.27465264257821664 3.4039215383052372 -52.561177708565125
171 0.33227729082795554 6.062339288445502 -53.73413118045454
172 0.6078630809102373 7.491999202566619 -53.6930368948138
173 0.8435495357194741 7.806583584574716 -53.220634609500266
174 0.9164945345677774 7.737311979347497 -52.868100849158935
175 0.926323122575481 7.608458723440284 -52.59565854056609
176 0.9231015398633625 7.503542377321706 -52.44208183147387
177 0.9445624594645375 7.4178862330580255 -52.420025058386486
178 0.9702994749349069 7.354375877644623 -52.43323671868393
179 1.0849658333917689 7.270802855452219 -52.427771969508925
180 1.2218255952795318 7.215208158130627 -52.49630079858987
181 1.3954270518270016 7.12871927730369 -52.65374273999892
182 1.5788233943476961 6.993769650371648 -52.86467905087527
183 1.7684386880112322 6.828331810841165 -53.1098318882126
184 1.9000033381556833 6.707257908661299 -53.34709144905251
185 1.899057588578517 6.658857539753621 -53.50213958446216
186 1.966953101052598 6.658436633997544 -53.61733828333435
187 2.062315546520383 6.68269983651467 -53.68759605727425
188 2.153915208542904 6.747053805884972 -53.72291097834976
189 2.2498246801125448 6.854054577264291 -53.75416499984753
190 2.3436720190689635 6.953315353529801 -53.77010664668818
191 2.452191649677046 7.081294729979058 -53.7384542046038
192 2.5522069277029105 7.211216630742607 -53.66734905736841
193 2.6496410917739035 7.3336752664377 -53.64489419544866
194 2.7060684650948326 7.463099233846743 -53.68252042187757
195 2.760578008703098 7.514130730202057 -53.64668951670008
196 2.8077733543258696 7.521429675226019 -53.5917807607139
197 2.7672919804745235 7.529708878860292 -53.5230442571829
