0 -9.798648308638962 4.208320858744154 -29.596034245503045
1 -9.819925066063378 4.174903474104861 -29.553107109369197
2 -9.774736240690311 3.963587389425564 -29.335493232529952
3 -9.66303505998052 3.617076101704466 -29.034130398506935
4 -9.56614383394981 3.1478658580062877 -29.027901786771718
5 -9.59679823440589 2.7047591771900805 -29.492292242476093
6 -9.776372015691708 2.626436288570483 -30.15419577683703
7 -10.01112275163892 2.817914579257769 -30.59468609431899
8 -10.136132263545955 2.9635975138301642 -30.666363302715236
9 -10.165492557918908 2.995109728150089 -30.65323524985612
10 -10.183355315751092 3.003466964046046 -30.727264831324238
11 -10.15337903142 2.9460090617892956 -30.784631294417093
12 -10.026750723103808 2.7487676311045917 -30.840547160259003
13 -9.790765567718053 2.1120021078466618 -30.82778499567677
14 -9.848407735108852 0.2850819559322666 -31.118151595450993
15 -10.414788426449567 -2.831010029779579 -32.476357766887034
16 -10.773410195288273 -5.5721167920129115 -33.504366961222075
17 -11.175382039031438 -6.295048214891278 -33.80258802367143
18 -11.511601947536635 -4.690985038782028 -34.06487730496195
19 -11.261248699780525 -1.3977468122348249 -33.68887752159057
20 -10.623173943358198 1.9383356017635762 -32.45790093151716
21 -10.097685093431762 3.993144947057493 -31.73628693933657
22 -9.93273556201567 4.869328986442904 -31.5834161854274
23 -9.893736465025574 5.034817894886407 -31.383712331471582
24 -9.88227006599679 4.869116072558063 -31.24528436489395
25 -9.857585943448067 4.231719502678718 -31.20866432453629
26 -9.81843635758658 3.316866568255575 -31.200011003165105
27 -9.918123927962766 2.681750964572574 -31.534303605879533
28 -10.090074645727997 2.524970466635061 -31.91656813239666
29 -10.23854588182075 2.596712782725186 -32.05210350609521
30 -10.362319695819034 2.6874963670336296 -32.12773939991577
31 -10.434323198057966 2.7456647422185796 -32.162163851571975
32 -10.442567114189382 2.778136805478235 -32.18582046692191
33 -10.451889799812802 2.7555284970303706 -32.310028342018256
34 -10.5687962021254 2.537915331127788 -32.83703732743375
35 -10.916538289859107 2.1804834019699246 -34.18147436824849
36 -11.405710714145266 1.8108820492894644 -36.06437899908502
37 -11.816036340382015 1.4923393068747899 -37.85170076412062
38 -12.085962376051915 1.2884562600624232 -39.09970399352035
39 -12.184362310243172 1.2868834114710825 -39.57933948281163
40 -12.116059305036883 1.5539439882726338 -39.44565954755956
41 -11.97558508145825 1.9472120826370745 -39.09195355176959
42 -11.762197170170387 2.3028814064949277 -38.46217672110997
43 -11.472123963688682 2.556804524521038 -37.36849826733956
44 -11.2790874488306 2.6489209758945353 -36.186490343267465
45 -11.17441418819305 2.6354748551563567 -35.31399543819286
46 -11.10800757176269 2.6641158615163114 -34.72796634599065
47 -11.061278122552201 2.8130840703013558 -34.478838716244
48 -11.026724403973907 2.9905954238061003 -34.448057588602225
49 -11.079124126610823 2.941928019353094 -34.530947068541295
50 -11.224542367845624 2.648505311571059 -34.84641695730288
51 -11.581789302379837 2.0124169912974175 -35.67904702119962
52 -12.227480282785267 0.9836945199528291 -37.218055519223554
53 -12.839069805146183 0.05248942710555937 -38.79971961214952
54 -12.905301700661584 -0.758104577246332 -39.611484797200816
55 -12.496325417128533 -1.889137847579759 -39.57293525899894
56 -12.044740773443811 -3.031075109825755 -38.76464908479704
57 -11.852849955856465 -3.0975935381331947 -37.58092843055236
58 -11.772910252394064 -1.5935663343571935 -36.23769709068131
59 -11.57286914177852 0.4604309016809722 -34.78609047845437
60 -11.094521152409547 1.890918994530633 -33.72267633847427
61 -10.69413879850086 2.733235309612537 -33.195998860981504
62 -10.608979829679326 3.1933473372140195 -33.10807210190231
63 -10.599985997111242 3.263434290412638 -33.1996099262073
64 -10.598214386545562 2.9899520458269517 -33.366061086185425
65 -10.817671902154716 2.2417662001770378 -33.92073272267608
66 -11.200417334610743 1.12096334723182 -35.0043433850816
67 -11.372215413560811 0.18004619032621427 -36.34490542761985
68 -11.442751208369499 -0.48888746620113643 -37.74632560583136
69 -11.594844971323818 -0.9394923607959331 -39.090854716342875
70 -11.735212393706446 -1.3218050520315536 -39.90876595446613
71 -11.77655431711372 -1.8850918789995053 -39.78874827840747
72 -11.65405885649434 -2.831603147267332 -38.54231322572821
73 -11.211520298860263 -4.359965268764595 -35.797019473404575
74 -10.905852445593537 -5.599355199901668 -32.635751013905946
75 -11.1419465152941 -5.049197529431235 -31.53405371548722
76 -11.129273488282378 -2.8555659624682317 -31.42707864085757
77 -10.912347674345815 -0.02177981790151229 -31.007379823985577
78 -10.650947069125676 2.0215589520033515 -30.96799406085685
79 -10.393556491488658 3.0108298801808466 -31.315805804432163
80 -10.32675692126026 3.5431229766017793 -31.465964067438737
81 -10.344747453231834 3.719735608554915 -31.39447358532526
82 -10.352642403013908 3.590726564544079 -31.460096562537178
83 -10.380947498006302 3.248231238882637 -31.771228534992257
84 -10.429434162592523 2.9354965029897784 -32.128774549367904
85 -10.460933578865083 2.7280079554637098 -32.347645000096364
86 -10.470865822959285 2.612488905363511 -32.413221826944664
87 -10.441492787644497 2.560788465584814 -32.38366448919308
88 -10.402018654464738 2.520642908536672 -32.20109970804474
89 -10.338552543986845 2.5780027009348654 -31.632356316061713
90 -10.198412264927834 2.697092641416992 -30.603661345564777
91 -10.09880814922679 2.921706726493378 -29.80018760732536
92 -10.096802520231831 3.3069780876923307 -29.62153797372814
93 -10.053384080013531 3.678293959110748 -29.587091516480026
94 -9.986458690935825 4.046833113090781 -29.584806498851872
95 -9.964534093479072 4.331901562063431 -29.58062411755756
96 -9.953250227144755 4.533448906700915 -29.618015723494945
97 -9.922964819211296 4.6732389053207495 -29.707410420385617
98 -9.92286196797082 4.7201516228575695 -29.8206670200312
99 -9.908927315995717 4.751788448771032 -30.031326042875815
100 -9.889609173736813 4.755916940232359 -30.448037581521707
101 -9.91908257920156 4.70052422840187 -31.124759901190455
102 -9.98995142204665 4.5273982871494685 -32.05938610124974
103 -10.183702491951022 4.035343648980973 -33.51281049228625
104 -10.890426853938381 3.0183702949397695 -35.958509040662335
105 -11.986606088843947 1.7085933689506732 -39.20447012358669
106 -12.810514442071108 0.3416224788451938 -42.60972189794511
107 -13.119862047849738 -0.8793101329431696 -45.18356951372667
108 -13.182873386023074 -1.3578689617352353 -46.389083688290334
109 -13.241269764875144 -0.9857330562463087 -46.42688629378288
110 -13.211814095488657 -0.09430912193464103 -45.790636361109804
111 -12.901315803714104 0.9236243356101763 -44.83898859844424
112 -12.408287761802606 1.9731783608841411 -43.48663423356338
113 -11.905474425070482 2.974466719049614 -41.71229320590072
114 -11.527621453392909 3.5645823427187526 -39.94387605816084
115 -11.340073845336986 3.687017452115045 -38.76900784947274
116 -11.299111297838332 3.566172753246267 -38.0603805108055
117 -11.371215938055316 3.1706830324542103 -37.4575292673608
118 -11.52256421312667 2.5053662833400967 -36.52625978938349
119 -11.618729042539476 1.8646057770304072 -35.3913371080142
120 -11.5799298320208 1.6807965737824304 -34.728136931437945
121 -11.274359965499071 1.9256511594046195 -33.76775449169152
122 -10.717391643800907 2.393810451871593 -31.788928079052912
123 -10.338073441469133 2.887483184429078 -30.414761364916377
124 -10.232344313615533 3.307879025435321 -30.205321585444263
125 -10.168122709797194 3.607884145283869 -30.17313772933363
126 -10.133324515267015 3.83001451460553 -30.225997926420877
127 -10.09229975232382 3.8884873337255996 -30.33896422292346
128 -10.070854618095224 3.844265043682009 -30.557791242921528
129 -10.063709343384351 3.797606479147772 -30.850544829358494
130 -10.090943963981067 3.703556252594753 -31.114674417157378
131 -10.15856411114355 3.6026463420893275 -31.384250083349503
132 -10.187599115072386 3.5378058521909637 -31.62563021142707
133 -10.210051192165354 3.4681625370682756 -31.782947840263805
134 -10.21695637534127 3.4351185383978837 -31.813385417306915
135 -10.209876218130171 3.3425188313821206 -31.788356777411057
136 -10.224425336047846 3.213859129763806 -31.756501663494834
137 -10.250192452292564 3.1298743302536725 -31.667171202732955
138 -10.300457479291543 3.0437551029498273 -31.47482082461259
139 -10.253788570183401 2.9605615280017386 -30.888963866907037
140 -10.052663928728938 3.0959212411188712 -29.898794049181998
141 -9.862263894502897 3.4460798275641213 -29.297467975859018
142 -9.698255566915053 3.8014997547172253 -29.06682776887796
143 -9.515424765273385 4.20237494437559 -28.887753925156
144 -9.333007504354653 4.6404010206511845 -28.72917780104275
145 -9.137614407443392 5.159398811411572 -28.532268732611524
146 -8.989804560226352 5.628066127157334 -28.328127260241384
147 -8.959276790593295 5.900441518538168 -28.16953600855558
148 -8.954471223569216 6.088289739229767 -28.054489404470655
149 -8.979349749285324 6.196601904148439 -27.951490248014405
150 -9.00730204224095 6.257512793496426 -27.901435310233065
151 -9.030345447046804 6.3206858519340745 -27.880320593558874
152 -9.056600053606383 6.343469636073264 -27.872479326708206
153 -9.091576181741003 6.370896851525286 -27.893152477546938
154 -9.103231714302469 6.401687776971462 -27.87874534849104
155 -9.112947888739418 6.399937516441385 -27.858431009393794
156 -9.12815468105663 6.409889337308195 -27.85969591302292
157 -9.128296958085047 6.418955057764338 -27.857354384997183
158 -9.138235698300955 6.429921854376895 -27.86092982724799
159 -9.150029392626207 6.432436968942204 -27.85250844534995
160 -9.152477966615221 6.4302258428024555 -27.840906178016095
161 -9.15706360483892 6.441795714958252 -27.809784298142734
162 -9.15224252850029 6.469342149310917 -27.808864116973357
163 -9.17157642872217 6.484424210078016 -27.808147707595108
164 -9.180095022357312 6.478793827087289 -27.785736847977493
165 -9.17772866245974 6.477069187828308 -27.764646219014555
166 -9.188049157910031 6.507648216687846 -27.76400359629373
167 -9.188292073058323 6.499153128291587 -27.754013628882728
168 -9.168884636779376 6.485788392118996 -27.733463688673762
169 -9.163586813868223 6.467216831368875 -27.67368622716638
170 -9.20676549046995 6.413591874311146 -27.585543412809887
171 -9.245066445819232 6.3526359498837035 -27.501401509345857
172 -9.256025665401742 6.278573408014418 -27.442052790889672
173 -9.253970975372207 6.253520703018806 -27.40666438510861
174 -9.255723219489001 6.254478154609673 -27.365316986130164
175 -9.282763754836148 6.22572859509725 -27.354884959024464
176 -9.304293452477912 6.211354468978678 -27.370419791544112
177 -9.297605098346116 6.175246328424455 -27.380623922922656
178 -9.293104638638157 6.14107407800495 -27.39857686716797
179 -9.281834439859471 6.157316960460216 -27.416495794164543
180 -9.294077314869684 6.187605449477539 -27.419612253500777
181 -9.280507011884042 6.188468119836417 -27.41570638013366
182 -9.272576479051947 6.20327613096852 -27.424717659985102
183 -9.265062581792526 6.204737236569647 -27.407932408987573
184 -9.260682511102308 6.197578528840781 -27.40207377126637
185 -9.27704330786675 6.211412909574845 -27.4416122717176
186 -9.28501740440287 6.214679170250049 -27.42743067589291
187 -9.286363345930011 6.183275129957762 -27.40112650508347
188 -9.275152996690123 6.160679999767341 -27.390478518891857
189 -9.279658611216389 6.169137291845944 -27.38597005476775
190 -9.26954367060044 6.178965779178641 -27.397101578885998
191 -9.273784142935233 6.206998871613957 -27.37671421198434
192 -9.278784879582707 6.235328182046031 -27.343234925573075
193 -9.268846904080855 6.263037956790464 -27.332980371730212
194 -9.284965469315749 6.249288875533123 -27.351554662836985
195 -9.295561534425799 6.201380061041048 -27.371871767584462
196 -9.316864893574694 6.151119739080931 -27.34679587279503
197 -9.320502935813357 6.09520770202503 -27.294118280885183
