0 1.5211451480975677 2.6620012394058867 -19.915915589935658
1 1.5017788337607518 2.64890011599122 -19.830551976210124
2 1.4732175792953255 2.5892379792106337 -19.660719659243235
3 1.476412331594429 2.443086006821329 -19.4526461871488
4 1.466128509717623 2.2582021572251514 -19.403932492663294
5 1.4379832205139058 2.090568039428861 -19.472156860582487
6 1.4261302156268139 1.947303806307238 -19.412079974157272
7 1.3652990333166857 1.873547833677622 -19.182852406128838
8 1.308126696194985 1.8438998462752019 -18.902416830864205
9 1.2665186365637693 1.745768782130812 -18.697026772092656
10 1.2132931299965533 1.593858563739953 -18.587594865585295
11 1.1796342246051656 1.367824410317826 -18.50571042796492
12 1.152569400171859 0.9938604255771009 -18.39485769101563
13 1.115544293220176 0.46399065266683737 -18.24538889486984
14 1.118711567133695 -0.22159110719371933 -18.48354123002673
15 1.1037217621298074 -0.810722752297043 -19.684805203423863
16 0.9760026911922681 -0.8065669851231907 -21.009770869739548
17 0.7734816699362677 0.4411329077948336 -21.731926134528976
18 0.663755608382254 2.4676407338237305 -22.017379176673018
19 0.7219673870495784 4.442708740769364 -21.89354016116345
20 0.8663007198797219 5.821628291090985 -21.31522036024765
21 0.9391889631883705 6.418462864163178 -20.771839379354944
22 0.8753765108821705 6.522860235881428 -20.259468711697707
23 0.8025279711293978 6.446782628029858 -19.707541881453125
24 0.7815403781642312 6.0485977978245185 -19.388916842685582
25 0.8072956191179896 5.026786371852108 -19.23893057292657
26 0.9512140503895532 3.779580971628191 -19.106288617400928
27 1.0896006992930785 2.964321767464306 -19.139084943312433
28 1.1801927957798073 2.572961718300854 -19.088442585974853
29 1.2309427693251758 2.3795783169592277 -18.884745799760346
30 1.2695465078300296 2.312611343464343 -18.72692559742807
31 1.3184301050357865 2.3386251319458284 -18.617085540666338
32 1.3544936980736848 2.277778931237488 -18.569024749271975
33 1.3615550310312843 2.1525455804514295 -18.602736813539266
34 1.3753010827010046 2.0014901681257142 -18.804113893299245
35 1.4134024951586275 1.747637057849063 -19.35630482250975
36 1.4244668548775303 1.3476624407179227 -20.068828030081335
37 1.3908112188221535 0.9023443774571462 -20.70520217910599
38 1.322458179700278 0.5037352656497278 -21.15815237991344
39 1.2576907239731812 0.35695301436604376 -21.319891734211097
40 1.2332636949610274 0.5946710078258279 -21.259426890440118
41 1.234779126583212 1.0105032839845962 -21.137100008942475
42 1.3102302077906467 1.4271842985449035 -20.84364755272602
43 1.416446698271229 1.925369858689208 -20.346146185527957
44 1.4599751272415622 2.4954385275312627 -19.84688215320952
45 1.450071676689773 3.171672704226513 -19.507217958249157
46 1.3850058834529362 4.1191469659958635 -19.35048994949306
47 1.2417688521756878 5.278693908552965 -19.336230840167204
48 1.0617614427763948 6.205217147094393 -19.320082114884706
49 0.967928391348484 6.447219146713779 -19.355439928106094
50 0.9009096121835176 6.151067321513709 -19.502297488619945
51 0.932358184182065 5.297502372151394 -19.83963973833817
52 1.0526201649639981 4.033906933517573 -20.41645671856164
53 1.154093048252462 2.9480644694713507 -21.005873129541456
54 1.265497860035608 2.204973080229476 -21.31280468639759
55 1.4188220798468558 1.5749598854352214 -21.360666372616883
56 1.5365212098525403 1.0831712711254 -21.156458928710002
57 1.588748364754049 0.915084670286824 -20.760267765267393
58 1.5447584989848275 1.1164264623800428 -20.299384291088714
59 1.4363074745164228 1.6195202588412312 -19.74718982625371
60 1.3231709414642063 2.106767050307202 -19.28166416235132
61 1.2383900172990474 2.3485628564876326 -19.074426167086003
62 1.2106187331912617 2.4087633455119737 -19.035026296584697
63 1.2267179326956077 2.2967447434278436 -19.12118084396932
64 1.2558396941584222 2.0171355661062518 -19.192872541978552
65 1.2900294892182584 1.5854433921604234 -19.31943120746655
66 1.372686195783161 1.0201243343531332 -19.61908535387156
67 1.4837156831210754 0.45683647575321595 -20.00384770310005
68 1.5680278931151905 0.04861933077548608 -20.482721098283882
69 1.5977979666596402 -0.2565345541571942 -21.07781324849703
70 1.5457097726570028 -0.4537288352847164 -21.619274142904516
71 1.3357392104605639 -0.49353245591756023 -22.037896880538526
72 1.0424520671841604 -0.3980275663590209 -22.277190671970075
73 0.7690150273013048 -0.05549399620863582 -22.038249082826837
74 0.33516161619993395 0.8356292331419142 -21.38308353186258
75 -0.06499179873941785 2.341115161992614 -21.13864493320537
76 -0.1328213455154944 4.13406128491564 -21.18201046328319
77 0.002595362771983356 5.6001049381480055 -20.98700070848664
78 0.2266557122256171 6.227703804851014 -20.815360176691627
79 0.3968531670777055 6.395873951250474 -20.620974984919876
80 0.5162914107190479 6.433157897110243 -20.073587728155935
81 0.5881598236465129 6.249169005246237 -19.384740537677047
82 0.7335412267628998 5.6480678839474106 -18.950211442878647
83 1.0403828484416335 4.732479233088101 -18.798982885936205
84 1.2918200328379035 3.9501286719999302 -18.735179801443678
85 1.4196288481942583 3.40603980769694 -18.696924655856805
86 1.4446083100550817 3.033982008255308 -18.701772803972055
87 1.4178083515578548 2.763503076724039 -18.73719021836898
88 1.3560007150224793 2.608376059971269 -18.799986165993623
89 1.2431694487734957 2.540148706845337 -18.83957775113752
90 1.1563544726361519 2.544597361779925 -18.80269812388063
91 1.1457182125602356 2.762563551792525 -18.8174052545927
92 1.1327309929706475 3.2135275155379426 -18.887657616541354
93 1.1223362319595767 3.5800519453637 -18.953081212502852
94 1.1012354550296726 3.925815757859613 -19.03364435308403
95 1.0847596715839911 4.218149027953656 -19.071502780780293
96 1.0784958192812555 4.325160160396424 -19.077967584268613
97 1.0760332067646656 4.341244949080345 -19.105866169145443
98 1.0960723362136227 4.344061084415356 -19.162631065338182
99 1.100955549213535 4.298987510143199 -19.22931346086822
100 1.0933267197194185 4.1570188069058105 -19.313800050858582
101 1.0934491047331507 3.900228025975434 -19.446851224429906
102 1.1042404476593282 3.5535550180936624 -19.681963094388088
103 1.1220200200586854 2.9511181471801495 -20.141633253623162
104 1.0943601430091663 2.0133568989146116 -20.99015317540256
105 1.0860031686643312 0.9538770254174902 -22.170455488940014
106 1.1594155878150714 -0.01941172806510627 -23.38919997524893
107 1.2662303657444935 -0.8371987434354788 -24.274013294289404
108 1.2894219636513737 -1.2724693750820744 -24.64154302653175
109 1.2410379256523525 -1.3293521254257556 -24.52690705184824
110 1.1824559052091983 -1.1414895738689261 -24.110339157632502
111 1.169093118258007 -0.8173921171241125 -23.559905534574526
112 1.2429934532891833 -0.4469729526435846 -22.87123342715458
113 1.2825939219350646 0.07325959658521608 -22.046080951811497
114 1.2552162337358448 0.6281756783401362 -21.26164888858053
115 1.201510026581409 1.0389868201985117 -20.81125896533156
116 1.1319227857828773 1.327861239526127 -20.620607388636515
117 1.0299243192170495 1.6214292208477308 -20.52905422720452
118 0.8736260245286376 2.052185132149805 -20.43196066837718
119 0.6575501021794308 2.476408084887836 -20.342562309280545
120 0.4811007760413934 2.8640001767937417 -20.503577208707682
121 0.4051091602672629 3.2904882954691668 -20.65245768832719
122 0.4873661755603615 3.8635430299897178 -20.312239797474973
123 0.6786490271783103 4.283596084863255 -19.95769318779891
124 0.7672849901505758 4.380578298544165 -19.94203052811062
125 0.8319244216511672 4.34355744441819 -20.01171567921977
126 0.8914708212003548 4.27659780015011 -20.01968015992513
127 0.9263411005509523 4.110600799186223 -19.98914271603391
128 0.9361544823340564 3.8792358788331662 -20.0041363430065
129 0.9358993995888865 3.6813477966470063 -20.06534734479937
130 0.9561956929660651 3.445069834178748 -20.114744719585026
131 0.9697291281559375 3.1901396615120503 -20.22458075780503
132 0.9922014039945664 2.9635101709816962 -20.383673314028165
133 1.036618339274642 2.790377731313018 -20.479433164707636
134 1.0613742696168158 2.712797864719969 -20.528930904001726
135 1.085573049604549 2.6659114789161698 -20.59367298521469
136 1.1081305943703859 2.6186652696150907 -20.661794899394415
137 1.1115712493883647 2.6203088461401056 -20.69751458939855
138 1.0833067838870774 2.6549240557401395 -20.67658443745629
139 1.058959781119106 2.620551830653317 -20.577665645156763
140 0.9855504354406621 2.4812278341325817 -20.34377586431207
141 0.8625299154380963 2.2855365393861553 -20.077209609280466
142 0.7753957705114614 2.0569082401420054 -19.876289200479
143 0.7151034901232185 1.8375535203844175 -19.706752959221312
144 0.6727428902986192 1.6228102172594823 -19.497116831626975
145 0.6583920920644255 1.4476191987557647 -19.2018555726293
146 0.6973683490068714 1.3514880401173621 -18.877187116718517
147 0.7220018398942267 1.3234159956131193 -18.615682468277875
148 0.7380902858202694 1.3460119990942068 -18.402618871956477
149 0.7516257404027931 1.449591928362548 -18.25573919794669
150 0.7976779706023782 1.5500236031956045 -18.174605844438283
151 0.8717338003943089 1.6345654756471286 -18.11468729324713
152 0.9097860689456612 1.7281476752231657 -18.0714495297986
153 0.9137217837849123 1.8107647333452683 -18.049040711317765
154 0.9310587961956349 1.8645175266247418 -18.05776075583782
155 0.9221458032509249 1.888052197474075 -18.03761737388855
156 0.9540724580136777 1.8135575239501187 -17.973610269293985
157 1.0015512673580558 1.7327150375935259 -17.949106648058454
158 1.0161701647650014 1.6904628533205774 -17.934396374015243
159 1.0135723684378677 1.6472525979048478 -17.91080027656838
160 1.0079081070457372 1.6479269440314153 -17.890334123454004
161 1.019731284029569 1.6654276782468789 -17.852796037366225
162 1.0379338415948718 1.6641147054183523 -17.797112970725017
163 1.051721693926786 1.6721023460609348 -17.73393193462863
164 1.040961233832756 1.7008606095322851 -17.669408477873397
165 1.0278452705310182 1.7040744933537426 -17.578900840481552
166 1.0443164990155642 1.7497053209340137 -17.471280554506436
167 1.0752926597698673 1.879060932655785 -17.361249838145334
168 1.0441446445550513 2.1416084236176496 -17.296715474831373
169 0.9738565064451317 2.8654757962123214 -17.55046753485466
170 0.9027516471018702 4.180163565947147 -18.26616792543779
171 0.9315639712267396 5.509372441017279 -18.8526446613825
172 1.0693568662678805 6.224202398077837 -18.83209751856213
173 1.187200093672499 6.3814945890818855 -18.59589637590536
174 1.2236725930966506 6.346858786468276 -18.419629495734696
175 1.2285868871005023 6.28243215851467 -18.283408341438275
176 1.226976095744443 6.229973985455381 -18.206619986892164
177 1.2377065555450306 6.1871459133235405 -18.19559160034847
178 1.2505750632802153 6.155390735616839 -18.202197430497193
179 1.3079082425086463 6.113604224520637 -18.19946505590969
180 1.3763381234525278 6.085806875859841 -18.233729470450164
181 1.4631388517262627 6.0425624354463725 -18.312450441154688
182 1.55483702298661 5.975087621980352 -18.417918596592862
183 1.649644669818378 5.89236870221511 -18.540495015261527
184 1.7154269948906036 5.831831751125177 -18.659124795681485
185 1.7149541201020204 5.807631566671338 -18.736648863386307
186 1.748901876339061 5.8074211137933 -18.794248212822403
187 1.7965830990729534 5.819552715051863 -18.829377099792353
188 1.8423829300842138 5.851729699737014 -18.84703456033011
189 1.8903376658690343 5.905230085426673 -18.862661571078995
190 1.9372613353472437 5.954860473559428 -18.870632394499317
191 1.9915211506512849 6.018850161784057 -18.854806173457128
192 2.041528789664217 6.083811112165831 -18.819253599839435
193 2.0902458716997137 6.145040430013378 -18.808026168879557
194 2.118459558360178 6.209752413717899 -18.826839282094014
195 2.145714330164311 6.235268161895556 -18.808923829505268
196 2.1693120029756967 6.238917634407537 -18.78146945151218
197 2.1490713160500237 6.243057236224674 -18.74710119974668
