0 11.33520533748719 4.79253201525608 -26.139330859844154
1 11.348852910671491 4.763186535259097 -26.162371417586154
2 11.294168590967873 4.708754206687706 -26.132392936748506
3 11.269073003726055 4.400870095922867 -25.93258538030948
4 11.312998556104786 3.8179651591063752 -25.969509505324
5 11.45577373579257 3.440559320207381 -26.59603410437487
6 11.704889187606232 3.5397726288130915 -27.44919510184314
7 11.904319698595112 3.77284290179208 -28.082066825754506
8 12.001877150185114 3.958535945962968 -28.42508672220539
9 12.03092505031364 4.132302849305317 -28.63966114851706
10 12.03910311960488 4.258707469663333 -28.797652030339346
11 12.033623491773872 4.282359444556111 -28.87697169505152
12 11.994170972324811 4.2396467023701465 -28.94977838607809
13 11.824579547916718 3.7242542917771324 -28.942218626235718
14 11.47354475285895 1.7116225306158466 -28.971264060517736
15 11.008693927238285 -1.4191362037369526 -29.89468966217783
16 10.269438385490487 -4.195088294547475 -30.852890390765456
17 9.868296573522455 -5.129880190738018 -31.30225845683181
18 9.760279443824265 -3.9209467411414227 -31.52386632213138
19 9.926956570373056 -1.2713358485408737 -31.21656919909051
20 10.68010851751591 1.786851635554731 -30.067054445689326
21 11.496459696859455 4.308307147757917 -29.234128702309594
22 11.536767753478175 5.589367091558509 -29.085036027751055
23 11.419245234850665 5.89125153634542 -29.080531707770074
24 11.471408190700062 5.773664865226879 -29.104994715228532
25 11.529612975979559 5.274252673400616 -29.02702314288179
26 11.556631908184281 4.58782569657196 -28.72014338892801
27 11.527474021585986 4.23401087738131 -28.56530178484518
28 11.559098393151695 4.258264060944752 -28.528404709710404
29 11.601556035483048 4.422586792523051 -28.411822755945362
30 11.637467679457947 4.5917337216395335 -28.28884571928724
31 11.639218386434377 4.767112760315447 -28.164060332428082
32 11.65307381332561 4.8389202416104045 -28.094300888517363
33 11.68683595596866 4.792416947912299 -28.13208537335247
34 11.80656211028026 4.619145117701274 -28.71937803791717
35 12.124928227383299 4.265036904816904 -30.375708202081828
36 12.573761697160824 3.925442799035885 -32.70364214721923
37 12.86810153868725 3.8030750394201487 -34.98880769923626
38 12.972460499763075 3.8200913865802058 -36.733636829239245
39 13.01271459255904 4.084934531333095 -37.53213358898971
40 12.978126195621956 4.65337339912181 -37.36704168460271
41 12.793412038135388 5.252521396107552 -36.824788086825976
42 12.396879555453543 5.833334568277495 -35.841188398226365
43 11.912874582012288 6.227016223685444 -34.06996608996997
44 11.50416158052228 6.293581646905379 -32.154201141962844
45 11.307134913072877 6.193502169687408 -30.711194513534156
46 11.293031299481028 6.142675976240374 -29.904658317517484
47 11.307277114423284 6.261381194843279 -29.61519853418221
48 11.277279766000396 6.461048263479755 -29.642741083925674
49 11.336036656588332 6.441441244156694 -30.207802703376988
50 11.678240898791431 6.106400144149907 -31.43349493233441
51 12.265526010030898 5.4652900755746625 -33.11484309318959
52 12.656560352771498 4.536422320297293 -35.07904307411829
53 12.656434913684526 3.574246752594595 -36.84907173737963
54 12.657912895040203 2.5992023746684776 -37.67924019469645
55 12.709901396867428 1.2450126377264805 -37.50474354148159
56 12.856162495245913 -0.4245522590483386 -36.482281716438465
57 13.076341864598207 -1.2080786908650527 -35.14307614725571
58 13.198470853744906 -0.4816583883744521 -33.95960912499571
59 13.263499733771491 1.3225338682336467 -32.792543611029075
60 13.174925683251727 2.9957584981717016 -31.86849210147646
61 12.874529683824077 3.7541283181616496 -31.55361110334127
62 12.719718400529304 4.119757608710783 -31.59191508697486
63 12.76439379412338 4.195925110744055 -31.81807024734488
64 12.911897809929359 3.9314385532457816 -32.05166656613433
65 13.121201925147878 3.4590864770534164 -32.42325736728553
66 13.19656558484124 2.7957661880818367 -33.18293089492518
67 13.10035755388546 2.032614355523288 -34.06116130396448
68 13.069211917337489 1.56263443234859 -35.2021076353664
69 13.093593739661506 1.3845543006938463 -36.64798953438826
70 12.962221930411351 1.0925952167209818 -37.561859412355005
71 12.502872829705856 0.4250448461361014 -37.762800580608
72 11.77248570721495 -0.6205041441284447 -36.95085154739772
73 10.85155467631431 -2.484776233289585 -33.804506366868026
74 10.00954665707029 -4.073002270618341 -30.420926101695233
75 9.720054430766316 -3.6131101941457153 -29.525044965824744
76 9.773854905329761 -1.7545167113827524 -29.407985448661467
77 9.984125178280744 0.5714808853897626 -28.84953308029741
78 10.412630005257183 2.5846743044468106 -28.339985444489965
79 10.978547761539934 4.2498360643487505 -27.861125490483236
80 11.239988931332539 5.438473710613726 -27.298835378565588
81 11.179030783384773 5.887906244200197 -27.169741485447968
82 11.225517490297891 5.821437250209472 -27.184906734022707
83 11.345137508872055 5.590178878670342 -27.250696487332963
84 11.43317929910454 5.398441991359375 -27.40256802967004
85 11.470920635146507 5.280701542640093 -27.555831874985035
86 11.477648509497895 5.1482827312537065 -27.69152106432033
87 11.478232261815654 4.956641373344338 -27.847196914027844
88 11.44262369177338 4.7583121680578255 -27.967453285638445
89 11.371123047515807 4.615667275585226 -27.99141238964147
90 11.270707420758816 4.54920886079851 -27.807558568715383
91 11.27041834368662 4.621755028761941 -27.43410721260855
92 11.389825138074732 4.860457653640092 -27.272554437724974
93 11.460727323528603 5.029918192202983 -27.283231808880696
94 11.466212224012187 5.187125570971977 -27.307329044061714
95 11.421177145134193 5.400637812026504 -27.357767851750307
96 11.37321811782016 5.5825398504580495 -27.45182333218214
97 11.347717224151184 5.691336248811156 -27.57009622552769
98 11.335813277257822 5.749305041487398 -27.719004053305742
99 11.33190738696017 5.782818293160622 -27.921960749532065
100 11.330608083544474 5.83354576440207 -28.25243214576326
101 11.351197842355086 5.861384289299215 -28.74636560344892
102 11.384003820208823 5.852527943089656 -29.453703246284125
103 11.588588510662474 5.71870564731214 -30.890737138691026
104 11.91847436667104 5.314882202852347 -33.628175323005905
105 11.972341686232115 4.729994394592309 -37.370059133943684
106 11.94942796705771 4.2263460083813325 -41.26858245388931
107 12.092877785423797 3.7426099772767003 -44.42456456550304
108 12.29189426163814 3.4831061195593325 -46.14465577325068
109 12.387347982941241 3.7898563035127246 -46.48523810951552
110 12.43415438144926 4.688673850946289 -46.042545226572955
111 12.497636541055806 5.881003480798702 -45.16683184767719
112 12.393430400053125 6.832796843991938 -43.585599582063466
113 11.928684937166699 7.520371903395938 -41.063878120264135
114 11.252568609380939 8.122573445578512 -38.434419869546346
115 10.636784926392915 8.585290973397028 -36.26195587013136
116 10.2474045201339 8.74096167583579 -34.41172836211395
117 10.165850776305154 8.417908683410472 -33.07353478168717
118 10.221900954118746 7.6516372541791124 -31.751436190971557
119 10.176325394336756 6.763801108357706 -30.454355579016923
120 9.951747465867884 6.272834653030079 -29.839399995072913
121 9.572905644960466 5.809822218686191 -28.47683896930808
122 9.586911847303599 5.031094621171659 -26.041241308015277
123 9.93178814941617 4.871029321942702 -24.719367530743238
124 10.103504002812814 5.201676387004438 -24.567533222480012
125 10.12820845075633 5.466548170651054 -24.675487744154342
126 10.154232212606102 5.703021217599913 -24.958423287978437
127 10.193400605061465 5.849016428711282 -25.373448730462837
128 10.23091342942615 5.921209660029474 -25.83733875404911
129 10.257992111586637 5.968357114279149 -26.345023101906623
130 10.261847443511675 5.936511329526146 -26.822324445977724
131 10.306431725183328 5.795905408954249 -27.323782436492248
132 10.391860602165293 5.596598685089413 -27.864053305835892
133 10.45285486772069 5.391175640277039 -28.224227986920635
134 10.406034106712331 5.1308043093765345 -28.37187479883406
135 10.191281777399448 4.84098750588093 -28.36455353535629
136 9.89598821550623 4.481357045402314 -28.19222168041912
137 9.672912747003869 4.209951498955386 -28.05874075682048
138 9.454708110028934 4.076654543624661 -27.89806436246211
139 9.263040889921824 4.155635785447165 -27.58840386984613
140 9.275971694305321 4.628530946250047 -27.252350959718196
141 9.369046252172831 5.171143568399971 -26.99369603514008
142 9.43990354268868 5.507721095455112 -26.849014866571434
143 9.556928717911495 5.738757346506139 -26.765284857450222
144 9.706816228798912 5.9109475313074835 -26.68078291214847
145 9.915496295456881 6.196614374565799 -26.549237704699014
146 10.088629435937234 6.48830444865599 -26.406967069683017
147 10.116397066279555 6.635182255851008 -26.311366557381877
148 10.144430793630425 6.748801985659158 -26.24373753804814
149 10.147202297145641 6.867810220983634 -26.171934902165876
150 10.128509033226644 6.9572189238974875 -26.10820059641433
151 10.111654996631229 7.021789383377174 -26.069856856586195
152 10.089186932803516 7.074804348405015 -26.06043664823827
153 10.100955994447501 7.107246421379296 -26.041175454466103
154 10.120981298434481 7.126145609422538 -26.026817990355983
155 10.094134851907002 7.167354633012254 -25.989224570534848
156 10.094730650269815 7.181697170465759 -25.947041853462462
157 10.079868858424033 7.203849713844866 -25.944961553917405
158 10.063798068289904 7.235605700748293 -25.92017416071668
159 10.05370819178757 7.265383455174456 -25.88183519893676
160 10.028898171161051 7.319180142998485 -25.86006506391003
161 9.995276588304586 7.369757127875085 -25.836242820130547
162 9.988318438748768 7.379758447426235 -25.778364421362323
163 9.98759955590254 7.389365477608935 -25.736415574925534
164 9.95561205313644 7.424599210876844 -25.703835456217885
165 9.945096798623352 7.458125357707429 -25.690948772194115
166 9.95386650077752 7.459651267754937 -25.666113167162298
167 9.942949828168496 7.454402607539832 -25.64896832739694
168 9.943094935490064 7.440618355211948 -25.657126607234364
169 9.950554865705149 7.412581250126214 -25.638762057613125
170 9.924988688351908 7.372418007747276 -25.590597992455738
171 9.92282593765418 7.326497218612017 -25.57016660522881
172 9.926457298696404 7.304629844134498 -25.558227326106863
173 9.941803211537527 7.291743607798486 -25.55063790606739
174 9.952007260142443 7.283732631770787 -25.527012699212552
175 9.961084474446258 7.258181780754006 -25.50693241994507
176 9.961012366816687 7.226890769041971 -25.50526756939386
177 9.945682039079001 7.211887179105604 -25.553341778813486
178 9.943046580207449 7.200042033468142 -25.59717097906751
179 9.957649243039805 7.197026872633144 -25.612358227936664
180 9.97561435640034 7.219552641472367 -25.611451253366415
181 9.972559578919642 7.248181735826586 -25.604702133192365
182 9.977563258255541 7.259621467429978 -25.604157901117464
183 10.000147540971886 7.2430239803780925 -25.60265723287168
184 9.993155907554522 7.243100707794428 -25.611645906664545
185 9.986349510071042 7.235946099923245 -25.561260704963903
186 9.993933242569303 7.215627142012151 -25.551866989513318
187 9.989897998820988 7.225459004767883 -25.566550308578503
188 10.009077705292677 7.215231158176406 -25.564051258526884
189 10.010431806242286 7.215615994802539 -25.56927991182378
190 10.017565609498723 7.209747489099454 -25.564432611003074
191 10.01855333546577 7.223551233069129 -25.539573729353197
192 10.009606130467182 7.256173734367559 -25.492004171393173
193 10.029066105183434 7.26231336473951 -25.47404242962315
194 10.004513892557435 7.250467139900598 -25.500418090565415
195 9.979145744700679 7.208434944221354 -25.502910643262897
196 9.985085924083831 7.129337528526504 -25.480256131947943
197 9.994171887647942 7.061766155741369 -25.443856914028895
