0 0.0 0.0 0.0
1 -0.046370711720499 -0.2844323362225296 -0.19668860686276446
2 -0.04571733048696558 -0.9197511084578593 -0.33915162050703884
3 -0.05316644120331304 -1.8734893785873155 -0.5555314482827214
4 -0.08645721683911134 -2.773208229794868 -0.7780068161633835
5 -0.14019780859669595 -2.9700025493191404 -0.8725613971938131
6 -0.1634000892589178 -2.54634080873916 -0.7801990497505713
7 -0.1555915771310623 -1.85030868808159 -0.4739376535849473
8 -0.17819319861569127 -1.148594137872422 0.005022596878383467
9 -0.19609045877431086 -0.6006009722583485 0.48015356092291483
10 -0.18617341505122553 -0.21872529142427766 0.8374467435301156
11 -0.17750722910875893 -0.06604753778379546 1.0969394873942733
12 -0.18523707702102143 -0.2102564273041594 1.246106469981548
13 -0.1820436897820663 -0.8140457832611929 1.2611115498394767
14 -0.17313368146062658 -2.2066543301339365 1.0472690514491418
15 -0.2416810112400185 -4.098033743653922 0.3921287673361675
16 -0.3654008323522753 -5.319214892413193 -0.14043774021782696
17 -0.500327761456294 -5.558863390683342 -0.1390508429756423
18 -0.6275141755452971 -5.212910660684443 0.18902055830216824
19 -0.6921132830296663 -4.383666741126305 0.6405030052449305
20 -0.6498773807241598 -3.2003094469906728 1.2269828341942954
21 -0.5796901027924832 -2.0331656464671752 1.7475338653918797
22 -0.5981923692878297 -1.1855301189411804 1.9618381002007652
23 -0.6803239563810877 -0.6884964980428521 2.0641762710394147
24 -0.8124909717254951 -0.4430348599047349 2.154572151002945
25 -0.9079212658094171 -0.4251398662854129 2.246944106685305
26 -0.9304342452812762 -0.692340313894718 2.377192416832081
27 -0.9604651488192921 -0.8971038464718788 2.406314269183092
28 -0.9938891841791246 -0.8199773293546215 2.444250239835604
29 -1.0225287371129674 -0.6417970878520336 2.6004902671513577
30 -1.0825405148163973 -0.4089879515400554 2.7864407454171953
31 -1.1249299547271043 -0.1788933971849005 3.0163889832487456
32 -1.1236895166769507 -0.043056390074973194 3.2127426937285364
33 -1.1103853127065797 -0.05521384098352655 3.3288832344666517
34 -1.0908924831859643 -0.1249509140268259 3.3251471840351954
35 -1.036464368827513 -0.20139715461734653 3.3142668764333507
36 -0.9627304637423286 -0.2914348921488674 3.253245836613651
37 -0.9384906002148483 -0.42334001553821565 3.061226842474589
38 -0.9163421117810984 -0.6162022959743325 2.8835456146705525
39 -0.8988299192659532 -0.7467105936055063 2.756788382774211
40 -0.9352490550401029 -0.7590968298680778 2.671432992983064
41 -0.9713721143408875 -0.7190940466698521 2.676489356097413
42 -1.018438930298398 -0.5911554738106659 2.7332396654072397
43 -1.065279784212187 -0.4045879107525323 2.8314810930157748
44 -1.076743746015218 -0.25871070651429307 3.0411884687061814
45 -1.0555697287020287 -0.16766473248549474 3.2412309008495725
46 -1.0748664208117056 -0.13185836555186015 3.3081083190805103
47 -1.114378854587354 -0.19976600753619778 3.3291295423267826
48 -1.1711083453604836 -0.27069323739621964 3.3661795000884993
49 -1.2293492684014105 -0.3026237862269987 3.435851877986927
50 -1.2771136813536828 -0.3410822171812171 3.390009650996923
51 -1.284755729098535 -0.407003705532226 3.2481803842019588
52 -1.2458935936233608 -0.6728614649220646 2.9770585706946946
53 -1.1758707811255142 -1.2712016602808163 2.629297835969531
54 -1.1105594067664732 -2.28849562204514 2.248937783393295
55 -1.032942055604206 -3.611803980379044 1.8076572496224372
56 -0.9319993203103394 -4.983335551701245 1.2996064518992867
57 -0.8180344256362702 -6.1477008159412065 0.8871280433736501
58 -0.6977862727691182 -6.616713277082042 0.6566086715495203
59 -0.5856632360019773 -6.188756093310516 0.7910473616105804
60 -0.47356656024657084 -5.119574117395096 1.2232979694025943
61 -0.3535130415797276 -3.8446921219598877 1.6779856405494726
62 -0.25535047808660494 -2.7091313632589618 2.088414156446291
63 -0.18517329619766798 -1.847129874856634 2.3986676752370997
64 -0.14471036570500928 -1.2342996668920492 2.59992241987986
65 -0.12313545836447659 -0.757592954337845 2.7760184427168966
66 -0.08002943055211631 -0.3926056890197316 2.9849191579940566
67 -0.05349552725812856 -0.11039455377121499 3.1435744917977644
68 -0.04956997991745382 0.011101563908432865 3.14850909063788
69 -0.05428299493605593 -0.21008372591940372 3.0346170704657425
70 -0.09367220466674908 -0.8602596126613307 2.831201428357879
71 -0.1473575511529397 -1.9535744168583449 2.537824798490668
72 -0.2025856131337136 -3.4117107073777646 2.0162851563331614
73 -0.26036274426774497 -4.697188077400568 1.4386459355497365
74 -0.34410625472472134 -5.235837657081895 1.0341657773022348
75 -0.4386181868536845 -5.186483183007432 0.7540550926518748
76 -0.5984401017780208 -4.742445023561512 0.5393620403976982
77 -0.7943421848894161 -4.1658169490967865 0.4144844626994555
78 -0.9837432279196285 -3.543296528059706 0.43279167089749393
79 -1.0965821895175019 -2.8863198755273523 0.5395917978160369
80 -1.1254412237832376 -2.2854244199163034 0.7963570579512478
81 -1.0981952986010164 -1.645409283699017 1.1372294620626633
82 -1.057170223086203 -0.9807019066560585 1.5363962592252065
83 -0.9859114425292539 -0.39161637137698335 1.9867534345343998
84 -0.9024240858483381 0.07830335304969793 2.3719696944849176
85 -0.8032571876820924 0.33201586271422556 2.5976378086645013
86 -0.7035600968799294 0.35424525528333106 2.6841219411356363
87 -0.5829039091037309 0.238448072750451 2.6892888182751236
88 -0.4783983106911194 0.008194813078510776 2.675240850789322
89 -0.3804911137914466 -0.3706105502470223 2.642398970198471
90 -0.2887107008450265 -0.8379202684877036 2.574287430680357
91 -0.19913704625640705 -1.2407163659901528 2.435971334956477
92 -0.15713199003409173 -1.571515438895073 2.2883731668911977
93 -0.140314188380529 -1.7628247100775098 2.1687877281156034
94 -0.12976624216492283 -1.8200681450923142 2.130676603884403
95 -0.15062139769733918 -1.8232117979839444 2.0978672335495006
96 -0.17563392972894576 -1.8349740874084688 2.0028584934964684
97 -0.22685630538136792 -1.8989555313639528 1.9179606150502693
98 -0.2988133852855981 -1.9471745084569498 1.7753236031956803
99 -0.38906803068903173 -1.9773929996604167 1.562858823102438
100 -0.5158302448311183 -2.0534152250264057 1.2923959619322076
101 -0.6015180056689218 -2.080602004661703 0.9181176778688567
102 -0.64926737706109 -1.8799556392961208 0.5466518014528603
103 -0.6225068203120081 -1.5415138801723742 0.32407406525720006
104 -0.5445348480259931 -1.2203600015436606 0.16370471017908272
105 -0.45389138334853385 -1.0310370814634027 -0.010399403227175696
106 -0.3639136568904462 -0.9846250474005274 -0.22601009860903787
107 -0.2873088734542151 -1.060058405484746 -0.4388008334347191
108 -0.2085410148613427 -1.2599090341289525 -0.6396747789186605
109 -0.13262328187618877 -1.5109133633036578 -0.7016888269580264
110 -0.04529746249993494 -1.7726771346362042 -0.5635340554051922
111 0.019609462522666377 -2.0536149209361483 -0.3537645861553287
112 0.057232513723509015 -2.3902620105036476 -0.1814550817981626
113 0.052403539422908096 -2.7898607073865023 -0.0574149588633972
114 -0.03223599074742367 -3.205405766521956 -0.018725334582917696
115 -0.18687606878415863 -3.6497749721644155 -0.05928783718654529
116 -0.4341332143145564 -4.148910845460893 -0.22722470711976683
117 -0.7856676463857504 -4.655338266306494 -0.42669138181082644
118 -1.2651582871134295 -5.109578695763865 -0.6150634413951579
119 -1.8133840900745533 -5.47599431251539 -0.9033140071166983
120 -2.245846565520125 -5.676412190559354 -1.1954820646110278
121 -2.4530483259281155 -5.767582157706471 -1.4373130145404645
122 -2.6052052501178338 -5.70656132464547 -1.6981076556087302
123 -2.6789898900204587 -5.494282069564548 -1.857531739638027
124 -2.6309196126637033 -5.171119972452821 -1.9285940795788576
125 -2.443693694249614 -4.775351095331935 -1.9674409229327665
126 -2.2025298702637777 -4.338161520221771 -1.99560592786127
127 -1.9702148751624051 -3.8896006330651147 -1.9320407573729526
128 -1.7416187647085444 -3.3751683419901006 -1.788629653079397
129 -1.498846766497632 -2.777524870444555 -1.5761829395875253
130 -1.3068137478910096 -2.148573248634367 -1.2939690834765614
131 -1.1879726930293621 -1.575339501934458 -1.0265983697114933
132 -1.063823436759204 -1.1334283310103963 -0.8227596723010251
133 -0.9416069374078546 -0.8579506990772572 -0.7473114965805934
134 -0.8075503613016757 -0.7795393425927486 -0.7054657541845231
135 -0.6883211624620529 -0.7916558156318345 -0.7513488768836538
136 -0.5959537864714193 -0.82000845506915 -0.7874220081579111
137 -0.56055359372235 -0.8250717687321512 -0.8163783700251983
138 -0.5272645909506224 -0.8827105736558849 -0.8430560861370608
139 -0.4650170306832031 -1.0337447946496 -0.8867943938740765
140 -0.382365549043719 -1.2217086095607215 -0.9714081223211579
141 -0.32773348995993956 -1.340354340216571 -1.1061809784548942
142 -0.2784765497608852 -1.4323453635657515 -1.1813420438794395
143 -0.24281842984168023 -1.4997869647437199 -1.2907544735867376
144 -0.22933986802617667 -1.5159080080951668 -1.4027525123761038
145 -0.21450769754142485 -1.4875169669383475 -1.473376373915677
146 -0.20640088479791174 -1.4028110924991068 -1.5194547114692085
147 -0.19648917843431946 -1.3131041273709272 -1.523472564212895
148 -0.18639754457413105 -1.2432113731174255 -1.49953491745174
149 -0.1810010510978799 -1.1048079601323977 -1.4770872572218963
150 -0.17318926204028173 -0.9151979878662928 -1.4242653720846619
151 -0.16350661672587208 -0.7257012248999288 -1.3369022893835947
152 -0.15084363792327338 -0.5318162346191855 -1.2396835424693506
153 -0.1573897169627223 -0.34363559361094076 -1.1378144139506645
154 -0.18913013564078796 -0.17812661810464192 -1.0840733604354824
155 -0.18427713407319857 -0.030902518673670443 -1.0271633723039173
156 -0.16524736440527832 0.13223469869740967 -0.9687629699584335
157 -0.16442406447159286 0.32028555104445644 -0.9031980009807441
158 -0.1340690301506804 0.5038008288603919 -0.8457693358888747
159 -0.1232793272937549 0.672539748211662 -0.7897143427594671
160 -0.11318783441799596 0.7996392075470169 -0.7225900491185158
161 -0.11755306302626423 0.9147488922505502 -0.6923799391684042
162 -0.11657158915810228 1.0053047387399587 -0.6480309219561278
163 -0.13713806527698225 1.0736848160705748 -0.6207130081152599
164 -0.16330147587549604 1.1266210214741221 -0.6351837360659118
165 -0.1699495307960852 1.1466874635943363 -0.6333469190559597
166 -0.19837177584483712 1.1573912802108168 -0.6653210689009512
167 -0.2066267471122174 1.1554730673913909 -0.6886046951509783
168 -0.20122941761384183 1.13894996823905 -0.7025845939347519
169 -0.206199978803685 1.1076469608714277 -0.7280682677979442
170 -0.18544645589210873 1.0794005009031693 -0.6860699458389945
171 -0.14478088931015876 1.0859543534842864 -0.6390160263514844
172 -0.08128159150318837 1.092595528500965 -0.5550264402728047
173 -0.007838722723477076 1.0736296495872644 -0.4434297214955265
174 0.020306403157452024 1.0066250007720186 -0.41305119015799363
175 0.03062974158016729 0.8996568948630355 -0.46522690556967916
176 0.04143183953646101 0.7618957420296795 -0.520334852271823
177 0.03241238054124196 0.672159168715659 -0.6287218700690786
178 0.033175134495134984 0.6248759133055515 -0.7389053252183828
179 0.036237879144650265 0.5815228554674157 -0.8085163152316142
180 0.022771688133847334 0.5694928176042211 -0.8782201212478498
181 -0.0034537104753873393 0.603418149239161 -0.9267844383349342
182 -0.04387135357758254 0.6262349272532433 -0.9788729145238406
183 -0.09562181529467395 0.6289415628994419 -1.0198671342391705
184 -0.1516875752153446 0.6171519690008971 -1.1092315613749122
185 -0.20738332428462414 0.62144521858216 -1.1672929682341078
186 -0.24030129118598254 0.6506697139607027 -1.238976234601779
187 -0.23656926571415937 0.6397711030707995 -1.2749350016470444
188 -0.22055892022763857 0.6107463043243371 -1.2851730562569301
189 -0.21880752775173207 0.6093407752973548 -1.336463800256304
190 -0.20350624816648022 0.6231750081062941 -1.3709375882257362
191 -0.17654113177413677 0.6207905040365418 -1.4025824537577094
192 -0.13300903051762347 0.5695853093720054 -1.406070761900807
193 -0.097710592213474 0.5365957435107731 -1.4782297001153424
194 -0.06854967804880374 0.5155562486785783 -1.5090438689066232
195 -0.033086243296356344 0.4490237655813729 -1.498924721939865
196 0.011011502430523734 0.3887723932794529 -1.5157361620819572
197 0.07574354878302714 0.35603436076419825 -1.4712757081423788
