0 0.7147605107566397 4.248593933003983 0.2781981771213822
1 0.6750357900146104 4.1882696318582475 0.2947179248569398
2 0.6194767352841337 3.962229488714669 0.42782452486102684
3 0.5642925731570321 3.4423003535658974 0.541645637758446
4 0.5164293982881629 2.5657442814858853 0.3375672400487808
5 0.538138593432584 1.9006005294616748 -0.1720562118287816
6 0.6359221426417934 2.1778415245622624 -0.6975029029637838
7 0.7836644439249101 2.9879901743540977 -1.013612482822193
8 0.8740424901297823 3.424690223217658 -1.14228874103798
9 0.9066084663821945 3.5412962936593435 -1.1836112878734788
10 0.9374958577279431 3.6385470786584553 -1.2133184275379563
11 0.9351904601717438 3.607171406187121 -1.2020701642628921
12 0.8766340837714237 3.4417884396046916 -1.165866770990366
13 0.7742884310233071 2.827308918035316 -0.9022396576082521
14 0.6457556433033274 1.1383010277825467 -0.7424435841557369
15 0.539213563524215 -1.367516280297353 -1.475238894236469
16 0.42083415819430575 -3.702622282790571 -2.3834116499347253
17 0.34791575709488226 -4.487642033046507 -2.9229593668111775
18 0.2838199125540272 -3.7692645504288795 -3.207755210658359
19 0.3585381938539944 -2.2714924328198793 -3.1418904663543543
20 0.6465925426899899 -0.523375742995225 -2.4891726950219564
21 0.9125600667685978 1.4226791850131382 -1.8045470127279408
22 1.0144616985160502 3.500872617539406 -1.3379535715192077
23 1.0914318185236693 4.7473911974420115 -1.0721430783597654
24 1.10348776131685 4.789628991940171 -1.023808686234819
25 0.9284442549590581 3.9954241506891752 -1.0001066159311058
26 0.6971059764119607 2.9141577963865397 -0.9518159552072731
27 0.5996400600620317 2.402606491277344 -1.0975806327124964
28 0.61574257011869 2.4205330873191113 -1.2718523313473824
29 0.6624573940555498 2.731718465943772 -1.332379479427896
30 0.6811270203899733 3.205217976071489 -1.340519323010252
31 0.6692571517038681 3.6023735682245897 -1.3242241082418857
32 0.665661129720962 3.7824373315176314 -1.3505896496501855
33 0.6773027758551189 3.7517533265675937 -1.5040394011378524
34 0.6956364977785414 3.6491171822640216 -1.9531097911886768
35 0.7465539798622709 3.582609823265907 -2.861369134515332
36 0.7799531646356419 3.5712140549387796 -4.011834712741699
37 0.7938551826617735 3.6966685802990322 -5.076518892522479
38 0.8181776188477654 3.8968444896375796 -5.815534570580986
39 0.8485909010332771 4.192169656166179 -6.123089347989904
40 0.8420557221732805 4.6161970207631065 -5.995714318500447
41 0.7634688380978476 5.009384336907511 -5.682663530959594
42 0.5624698037606537 5.258933404304745 -5.178053120828167
43 0.32904238868857666 5.194532635649949 -4.3235179328291515
44 0.17164159631570441 4.894986261818804 -3.4695058913496233
45 0.11307616832445866 4.623148582757489 -2.8701260706888085
46 0.09711910028212223 4.475419715693825 -2.526278432822785
47 0.12405776582120509 4.51367832386933 -2.4294607278951297
48 0.19996790330511593 4.713484379766147 -2.506304437473794
49 0.3273298706850651 4.733695334968811 -2.8091306243777296
50 0.5973377528379897 4.623917500192798 -3.3102273804796667
51 0.8473383614598289 4.380069591821982 -4.050875613972341
52 0.9145745245638528 3.9992975775939796 -5.055382929062997
53 0.8792894688547195 3.7278280076859205 -5.96672024867177
54 0.8593202695075624 3.3259854190772615 -6.361401377707999
55 0.892830541522815 2.374437533370067 -6.124281165397747
56 0.9551412807951083 1.036072263471406 -5.419438308553598
57 0.9501595338328501 0.19650219456155105 -4.67447331858601
58 0.9452882917132213 0.35215179494882376 -4.00413344311308
59 0.9963853100014477 1.1917858010992632 -3.296605330403633
60 1.0841378267859527 2.2744669988597415 -2.6698921129119526
61 1.1757158577619728 3.4382125181969028 -2.377942173283504
62 1.3294955951938752 4.519360872246832 -2.474973345106932
63 1.3851157672522865 4.9246511363703735 -2.747374807348187
64 1.3636852322454667 4.723131061864548 -3.0319198954485422
65 1.342114049717762 4.318924750135526 -3.450710720979366
66 1.2429641653719736 3.8531690810728585 -4.132883149768151
67 1.1703068651535338 3.4432989182498033 -4.8680005684267655
68 1.1415160357799978 3.3460157865250886 -5.609689446446591
69 1.0627136559707067 3.5303392601154946 -6.437229854084212
70 0.9553673124612354 3.5674859505134635 -6.902965021812012
71 0.8070579005811558 3.142639608004178 -6.653803887489776
72 0.6656583720078411 2.1345773819063942 -5.6339894172440275
73 0.4791936775459406 -0.016680756391527662 -3.7024285685408707
74 0.3917210700691606 -2.3913505277040037 -1.9538570022102455
75 0.43919361428626663 -2.901708067801119 -1.605443133048233
76 0.5445553466058319 -2.1920925229730854 -1.746481252792023
77 0.6613528490589191 -1.0955849595467493 -1.6306970395684068
78 0.7113665142612424 0.03183806764961972 -1.5537309178201717
79 0.6560778820925988 1.3433964503111135 -1.4121568640256505
80 0.5252611238334355 2.848661184639449 -1.141053257938946
81 0.4869325370300332 3.9482104925826857 -0.9532535571691128
82 0.5194941386377634 4.296329551718626 -0.9928946426018896
83 0.5422474880450396 4.151780985887607 -1.2417601139576568
84 0.5538313504808459 4.021430965299793 -1.49686991135642
85 0.5660399131239187 3.955391333772227 -1.6608292116872256
86 0.5826006449989647 3.875105841571545 -1.7493716515213258
87 0.5922731409121686 3.7891708454622095 -1.7574112085849656
88 0.5863418392979112 3.679301035322617 -1.6054946017154776
89 0.5376309347076242 3.4598794373341835 -1.1521423246740916
90 0.5047556516992637 2.8796894222409795 -0.371625664535447
91 0.571698903466376 2.3590594064156982 0.13156525739433889
92 0.6395225345204834 2.334845476776001 0.10039960106925605
93 0.6537619670475889 2.3375094363909894 -0.03588736482095811
94 0.6845085661699466 2.3940398832019523 -0.0663967267973149
95 0.6980729343477519 2.5457506724927295 -0.07870911167631789
96 0.7058224936809969 2.7076542812299933 -0.15017491096337565
97 0.7067927797446432 2.8228925767839272 -0.2637435019288148
98 0.680424144242239 2.908526077733456 -0.384974553553981
99 0.6625394094742871 2.971371652081469 -0.5534240031772732
100 0.6405893997563235 3.0496369849559186 -0.8265470807617881
101 0.5981822331829667 3.1892564389036653 -1.234443576949559
102 0.5534693180807055 3.395512797751888 -1.802636338596443
103 0.5584508995911834 3.579086877570122 -2.720920013582166
104 0.5081582407515741 3.6983343572509644 -4.201944808387012
105 0.3590472347074298 3.8421001853312426 -6.104632011223625
106 0.27064461202014106 4.1234505964266255 -8.137933849648677
107 0.2811424968509088 4.422730581442641 -9.854355725199285
108 0.35441605294073936 4.768211191004649 -10.831768925810225
109 0.406565267734126 5.281014932124707 -11.059257503787359
110 0.4322001746099717 5.818722722943978 -10.640686122221135
111 0.4471385377240961 6.209072453771832 -9.765282666491503
112 0.41900741717008655 6.296156874863472 -8.565283027282478
113 0.36397906905027794 6.076546519037022 -7.055781613503839
114 0.2386691830822557 5.731446851154688 -5.634096092301203
115 0.026232142771656863 5.425191797257028 -4.731014804720456
116 -0.17152062603371576 5.247232124515632 -4.245217338061028
117 -0.3077162748901535 5.251519816460393 -3.975567431422043
118 -0.4164236643870388 5.215500317966573 -3.509359220614023
119 -0.4775947524039249 5.011939149540888 -2.8432206620386395
120 -0.5280030568280792 4.699137284208282 -2.3531820179042313
121 -0.5098264049004292 3.725843700437388 -1.5323261564582573
122 -0.16069035533913045 2.0917524317735885 -0.3575569116907076
123 0.13861384251419728 1.0939508926044499 0.21405975153096435
124 0.20013037336175266 0.9604592860935814 0.2410051816662495
125 0.18846029792065877 1.1097256554466441 0.1475669536349251
126 0.18848330779605937 1.422491470015229 0.09062318974929795
127 0.16991263786344823 1.7423687703346737 -0.03433026374727177
128 0.15477831203131387 1.9950868119284686 -0.21134038818192735
129 0.14605741790521243 2.214901548928282 -0.39932820002951175
130 0.09167046516374533 2.349067372894288 -0.6802297767458718
131 0.0700734361772345 2.4685472637693775 -0.9123675701469729
132 0.07634022855952416 2.5958104663185364 -1.0794604698068433
133 0.05453515557576061 2.6875251318563707 -1.2215194805131127
134 0.03038386974113727 2.7417775646527507 -1.1809034291108524
135 -0.03073137351621924 2.740340003041912 -1.0662403927483517
136 -0.16103624992547083 2.74699757319658 -0.9423352278954198
137 -0.25288950204568217 2.8658504674964616 -0.7898723822969735
138 -0.29592378577374234 3.175726814882419 -0.6220158560078914
139 -0.22302089669880154 3.6961349056363244 -0.29771270100776803
140 0.01477035692409856 4.239274372360342 0.07362925922913988
141 0.15961664188634905 4.498367794894792 0.21693936846065043
142 0.2124317510279522 4.58184564885293 0.23642770873389907
143 0.2703288394230165 4.656444085450266 0.24816877089126166
144 0.30451259518140444 4.701761353430232 0.22366564800097066
145 0.34012771046789053 4.721754212967708 0.2313274368975371
146 0.3779487611384064 4.728395125748149 0.26420529332812137
147 0.38518494606339265 4.725736499704048 0.26523659471072847
148 0.4011684021392545 4.723261792713773 0.28952839450722934
149 0.39380964043108063 4.708118473540823 0.30005851379442916
150 0.3993280919136692 4.701135198459205 0.3381653372274016
151 0.3962221047481859 4.703149527517391 0.3319220697647616
152 0.38886411428921525 4.702284045380891 0.31171162713070544
153 0.39630263320442166 4.702009648573126 0.31474363772736424
154 0.40757526292352336 4.70746032295766 0.3540132876115152
155 0.42106529394015707 4.708995551463078 0.37715514386725246
156 0.41496616326648 4.701025463004916 0.35246667943216536
157 0.43036508723192396 4.708386096777453 0.3825491506250671
158 0.445585532263542 4.7080821176648 0.38919226952376107
159 0.4339223059028638 4.7090772517984 0.38108428894558344
160 0.4210598030972443 4.7061739104514455 0.36360236840323523
161 0.4108883735446662 4.703056902524388 0.3644392977843367
162 0.4319752347468481 4.709101640168399 0.39526485475661843
163 0.45299481984482964 4.697680317758085 0.4157971988448743
164 0.44181220255376713 4.691511927368152 0.4056995351089725
165 0.44004874520350595 4.695563595905879 0.4219664443790627
166 0.4458572865192591 4.687545715281573 0.4293567861423604
167 0.44336372227283233 4.675647175109711 0.41503807287065797
168 0.47175563497944223 4.669038553904032 0.4588024128572563
169 0.48813033098765407 4.661806477575887 0.5061634916116624
170 0.4787606843014797 4.634479295857343 0.5285407351229843
171 0.4775271488259482 4.615882614272794 0.5558519589067288
172 0.4674405090617872 4.603730345600971 0.5347151452957135
173 0.4728953608017567 4.599709114490551 0.5357913435655917
174 0.4953976339052177 4.6078338818475135 0.575567543750271
175 0.5074261882042057 4.6074497162100805 0.5710884494792303
176 0.5062729669770603 4.599480683745883 0.578832411524278
177 0.48276899372698606 4.581154312915308 0.5554561345398241
178 0.4748706756481402 4.566233233856579 0.5255470388691883
179 0.48309768097090794 4.577508694188312 0.5303414934750421
180 0.49254668627633874 4.594825048863692 0.5379541615782664
181 0.48964926056990427 4.59191585904051 0.5299536310405273
182 0.4890564590505581 4.595746438763284 0.5199312520845183
183 0.48922132608816765 4.596008032605752 0.5304318947859237
184 0.4840874352011885 4.587813084097547 0.5399726048566222
185 0.5094021750593027 4.599482084227297 0.5695733393253342
186 0.5212999404197403 4.592034594084792 0.5942172117615456
187 0.49894087841938 4.569869569796399 0.5539248925795874
188 0.49197404054302124 4.557213365237448 0.5374610701700178
189 0.504848745061401 4.563246735127683 0.5614605356640112
190 0.5183047198358048 4.5619229722802555 0.5666831455574375
191 0.5239735206962619 4.561991220517706 0.5655067563729688
192 0.5091346173126015 4.574574109305702 0.5578964795953496
193 0.5238488754588824 4.587569945501878 0.5876885005570571
194 0.5319479448258084 4.5796079932374685 0.6070296069105936
195 0.5298710166475322 4.5462294301177 0.5995075734890563
196 0.5241294946972301 4.508387624738724 0.60002345050275
197 0.5131043803172384 4.472134454921138 0.6000410273413088
