0 -0.4873921688947517 8.386357451583804 -37.03101891700295
1 -0.4722814082790533 8.181330222902732 -36.761138608356475
2 -0.4536659907011872 7.681063737962679 -36.31214588363909
3 -0.4189270830249553 6.871857767742979 -35.84800847651297
4 -0.5494191904831863 5.9795399986953885 -36.00828993635352
5 -0.8072502653756762 5.280318884569185 -36.757634949195335
6 -0.9438842164862654 4.966077022388161 -37.46368480854356
7 -0.9380048971527989 5.014833958572035 -37.80333942311377
8 -0.8995334174741932 5.1742379206240035 -37.82144867873613
9 -0.8991070819162713 5.208596089766905 -37.794086387538485
10 -0.9363327092877339 5.134502186124669 -37.88084201841288
11 -0.9687106730464213 4.8379575349892345 -37.923375696027904
12 -1.0060285359625865 4.085123019980584 -37.82429256283841
13 -1.1104713343507249 2.608246409770981 -37.48638694476632
14 -1.199597473576302 0.4458443215254295 -37.545776782298205
15 -1.4205380796998184 -1.7012498036080466 -39.02106396895542
16 -1.8979660063869033 -2.916913158980945 -40.37716179671685
17 -2.378626402279776 -1.823118942121262 -40.69556323229388
18 -2.6150974075469313 1.1861351574561123 -40.737035276922086
19 -2.34898014341004 4.959998507593303 -40.39301272585453
20 -1.5005029892165616 8.39623216559639 -39.382712169327036
21 -0.7398503657753194 10.565905442570122 -38.678501829342295
22 -0.5348994075108647 11.509688689597178 -38.26122915216534
23 -0.5475861124498257 11.654110865441131 -37.771155064906196
24 -0.6336288666773034 11.060479345750776 -37.60213259602686
25 -0.7769060846925354 9.154863209466095 -37.64041134593357
26 -0.7762648451139865 6.914709982101536 -37.58159253345555
27 -0.7745917074509782 5.4918770258878755 -37.746533572432895
28 -0.6741332663678085 4.733777612636276 -37.78966694329465
29 -0.5366351548867184 4.451324375252922 -37.645283185593286
30 -0.4408377011787449 4.476022122439977 -37.57215474953291
31 -0.35325159964609065 4.605012817557293 -37.521962348862274
32 -0.30604214266099683 4.617032496453577 -37.58254703921213
33 -0.3427788976510916 4.507946909414441 -37.830360054382496
34 -0.488205815998929 4.4566569441958155 -38.52690920548976
35 -0.6987180102725764 4.410841681665566 -39.968630692038914
36 -0.8375022674351248 4.1397542002646635 -41.730533777673045
37 -0.9292717066851223 3.7600857209818255 -43.36229794556416
38 -1.064152542829793 3.460964617860112 -44.57866186050349
39 -1.1766995774908309 3.516608294237024 -45.088934880194216
40 -1.1644420208470492 4.047631428843323 -44.96203140997836
41 -1.0883143344531532 4.7504556223472765 -44.5706085834272
42 -0.93393931720473 5.26821964049215 -43.73509417411084
43 -0.6869267776902758 5.615988673793035 -42.29498514153735
44 -0.5361914710861816 5.911560608570339 -40.79699838044479
45 -0.5075219002485957 6.336183448670274 -39.68387065520602
46 -0.5646569405630272 7.152802025067659 -38.91307852727057
47 -0.7809090067205572 8.539572544314643 -38.51455899735589
48 -1.1490674896909225 10.00486771868997 -38.44374681679864
49 -1.4406468044625433 10.393376453343658 -38.624732349568006
50 -1.590223758373758 9.729881485125299 -39.07883896546963
51 -1.573378923972983 8.229832112002066 -39.9543021268217
52 -1.5370314676745358 6.180761959953768 -41.33155331362235
53 -1.5806067202090204 4.452450000881074 -42.73932133511566
54 -1.4251543297913059 3.015989481899016 -43.40401184633211
55 -1.1163184605694823 1.3903003995962173 -43.372848772023985
56 -0.846528049493043 -0.0029817910849079254 -42.75062363950063
57 -0.6138863591988523 -0.08198154798239621 -41.80184295876985
58 -0.46846113607316775 1.412732586705097 -40.85889563095817
59 -0.3673318592733187 3.6353394186664136 -39.843405579481214
60 -0.2468755441461047 5.534552941657781 -39.05353029730426
61 -0.19808948418171946 6.6491640376106265 -38.83386842802905
62 -0.24818208040985235 7.199849126583695 -39.04338040996571
63 -0.3458690025299104 7.087727282690812 -39.446405826482916
64 -0.4161092496388624 6.260016355636326 -39.66556086966395
65 -0.49642259410293244 4.970435967649967 -39.92493760282517
66 -0.5593153628964073 3.418603710324607 -40.560164892062616
67 -0.5502142058440226 1.9707686404724232 -41.3875783953315
68 -0.5199639810251083 1.078655544017339 -42.44645418555726
69 -0.5828302916424993 0.6230243422252641 -43.77943538992251
70 -0.7651457641161 0.2503693773132287 -44.80829741897105
71 -1.1881816121437736 -0.24307507400290262 -45.14325275932418
72 -1.755191230728689 -0.8588817922905321 -44.62670259305938
73 -2.13306872285049 -1.5542643953239192 -42.50042514852385
74 -2.5217549717709224 -1.3463377086551418 -39.57579248004568
75 -2.9090044164175253 0.8285205963501028 -38.262702158942886
76 -2.867427430156203 4.093687934736542 -37.91281540160844
77 -2.5652104455051457 7.2415659809287565 -37.346505230686645
78 -2.1490042073839297 9.21817815270967 -37.1235639685177
79 -1.6535624376860283 10.17411976265794 -37.15665355423586
80 -1.1463997872811702 10.562511689730608 -36.82614365632918
81 -0.8899041382355376 10.35064106628428 -36.495390641743896
82 -0.788654886579541 9.415597351618418 -36.593649371264235
83 -0.5986224007753952 7.9685619109388615 -37.055699880932295
84 -0.41505866775006817 6.785141612043473 -37.46617396871727
85 -0.3621667983022382 6.062106303830221 -37.74833460947961
86 -0.4020526232704865 5.6025243352120295 -37.96205236402352
87 -0.4996033882030003 5.272722882529541 -38.10480032546447
88 -0.6760592139458849 5.171269346668021 -38.223407889395105
89 -0.8717283365481533 5.284661261357828 -38.124378656620536
90 -0.9323072317453386 5.64925622147946 -37.69045386234255
91 -0.7869560610477974 6.500774740001587 -37.30571198488809
92 -0.5479923583989338 7.793358050408225 -37.191815785149416
93 -0.3136023930226498 8.913930494742628 -37.16143006818427
94 -0.1471164586061361 9.900187874029333 -37.14359298594019
95 -0.06155571508145152 10.658903167947544 -37.09519762452025
96 -0.047804452909561035 11.062852311431397 -37.08544105680011
97 -0.07350669890975092 11.248112391097147 -37.15575081716136
98 -0.07566033342280087 11.312976592312511 -37.28000108208769
99 -0.11270279025240748 11.258135944160594 -37.4925034974285
100 -0.23602946097427002 11.05985903531805 -37.90573777397108
101 -0.4382224923754888 10.662690561161066 -38.54466573239496
102 -0.7075596991479868 10.065155582532528 -39.51702062279253
103 -1.054048205756176 8.9285694447449 -41.01963193116974
104 -1.4618578279391818 7.075346984641419 -43.23429131195989
105 -1.819845597611708 5.101370596976926 -46.09845004196422
106 -1.9526483493566942 3.435610109053931 -49.099117292593164
107 -1.8747686148750957 2.030583826052556 -51.33240000910581
108 -1.7590681352234845 1.3323926205332537 -52.37781685532046
109 -1.7324701175982589 1.476302004781017 -52.36785785752289
110 -1.7673690420842063 2.3141880722077754 -51.79966968010491
111 -1.7428987697661582 3.625795588452659 -51.11881504011994
112 -1.600231727137929 5.013638157084872 -50.07659655976681
113 -1.5289724450324598 6.406521038668087 -48.35634626536064
114 -1.6071314431432007 7.6887475272850505 -46.37856212125523
115 -1.711325267403017 8.567133614358683 -44.943399014745545
116 -1.7295046544213064 8.871893038873997 -43.96003511715968
117 -1.7878250303618137 8.764611065495716 -43.152137516534495
118 -1.9692032062982903 8.433885414769934 -42.081702040201066
119 -2.252502889180034 7.995415923802058 -40.87435856463753
120 -2.526643003370411 7.976148421190947 -40.18527744037917
121 -2.5527592992930805 8.248445117022973 -39.332868255611146
122 -2.111948971765981 8.686268353083298 -37.611437730645335
123 -1.5297557533110342 9.361982033458927 -36.42405624359479
124 -1.2647505264920453 10.034626044703215 -36.33433353127313
125 -1.1717632418385278 10.543664091954659 -36.50525531878067
126 -1.1540688422549024 10.839130862266659 -36.733335820782614
127 -1.1959349237004573 10.769652828290296 -37.048145107637396
128 -1.3058160070723246 10.476806242285475 -37.475368136509644
129 -1.423674024024327 10.1261943237446 -37.973536641598216
130 -1.4793350615367813 9.66734851579393 -38.39370461593168
131 -1.5033645368703765 9.139523100632976 -38.83506266795739
132 -1.5263497130972268 8.66461739617205 -39.29046555911785
133 -1.5386924965728404 8.28340026535369 -39.507519093793775
134 -1.56426990807037 8.009949025604646 -39.56338613123806
135 -1.5626100014886126 7.749916845256992 -39.54766157403819
136 -1.5700722055038354 7.493420143676852 -39.45931202779674
137 -1.615901610366636 7.388572164153443 -39.40201689856934
138 -1.6847695815980486 7.452951067620306 -39.38285274487541
139 -1.7699616710531116 7.631464283128819 -39.23576355717209
140 -1.8594434921249223 8.038006958686951 -38.96373882155862
141 -1.8775489953084814 8.644452999856275 -38.95304346135053
142 -1.8120971789378841 9.107420505175908 -39.1783149455694
143 -1.6421717609573157 9.389166096241803 -39.384221488429915
144 -1.4016977283247072 9.455405501417546 -39.4516483895586
145 -1.0832600465845181 9.443328769256661 -39.33736898293108
146 -0.7714154985699982 9.481642733581188 -39.099130854593156
147 -0.6450686737295305 9.598665937871454 -38.86921579586411
148 -0.5941444650676834 9.807340471260732 -38.62676636752188
149 -0.629310948191461 10.068271069091542 -38.3653486490292
150 -0.7328051436013302 10.302612810529896 -38.1593519680187
151 -0.8520333797258507 10.553621939024337 -37.9873378582638
152 -0.9598319830621603 10.820503699786853 -37.85934607373983
153 -1.056257504306648 11.058873418523886 -37.80068755292781
154 -1.1328477597544029 11.22404766670344 -37.796883198019756
155 -1.267129006838816 11.26005693962975 -37.718338619904145
156 -1.3521624141002113 11.165268616149541 -37.609258017186406
157 -1.4190763408423748 11.090239950176175 -37.59114714272144
158 -1.488712204716625 11.064431537408565 -37.52501206648867
159 -1.5793432934577374 11.088541427714505 -37.47800442008307
160 -1.6558693609823059 11.214826756174515 -37.480280588051116
161 -1.710618914257528 11.389734962734897 -37.454342086249554
162 -1.7500401397743288 11.556906240904473 -37.416072605442466
163 -1.7550187141042932 11.75668339502185 -37.37280668381423
164 -1.7772762768488 11.976210359214564 -37.33868963524189
165 -1.7773143356670764 12.120675458980577 -37.282585641751766
166 -1.7177790206323293 12.282373673980034 -37.134829622161305
167 -1.62158454415435 12.58951110278065 -37.022667298864846
168 -1.477462400555305 12.921504287124494 -36.93341410553755
169 -1.3171354070421102 13.087838515896733 -36.61266734545053
170 -1.2163658011682457 13.209623150785946 -35.92946642382769
171 -1.1731670573507471 13.360794072301102 -35.29025936604971
172 -1.160975678468469 13.423671468384084 -35.00537079269064
173 -1.1311639837828849 13.425125511258402 -34.88341563869918
174 -1.1316168793197021 13.464306396862929 -34.80223469113312
175 -1.1395803902563642 13.488343397646242 -34.701582198688385
176 -1.1324122310679967 13.489782124895628 -34.61697674882497
177 -1.1246876961629773 13.492310919199282 -34.61852064863736
178 -1.1309404694960192 13.506430979905106 -34.63695613225016
179 -1.1044654640373017 13.505289985234596 -34.635569915372784
180 -1.0898134990831863 13.536508680483925 -34.627504329749314
181 -1.085729037108441 13.556739941709504 -34.60925679030579
182 -1.08302562534544 13.566906581590013 -34.61975639909451
183 -1.05305390616696 13.574982191620686 -34.64424588580454
184 -1.0527686769059854 13.570012229383428 -34.639311839196154
185 -1.089188010013776 13.577939731102065 -34.63372716275404
186 -1.0835997838318163 13.582967600452003 -34.633379481077554
187 -1.0542426667841496 13.56444699733653 -34.61535919328621
188 -1.0241543099409731 13.542558874109359 -34.589315801614646
189 -1.02412724478882 13.563081502185588 -34.59000253919652
190 -1.0169099897180174 13.573556721950611 -34.58530494655773
191 -1.0140629092880729 13.590940625286239 -34.533548038400085
192 -1.015216256437801 13.633807661409987 -34.466813831769684
193 -0.9911014324985897 13.671045037566289 -34.41807732968806
194 -0.9934814153486625 13.698403904904199 -34.387051470771524
195 -1.0134523245402938 13.676207165578587 -34.316469886174815
196 -1.00676593080737 13.637266491821007 -34.23019574096722
197 -0.9966654002128775 13.581707392058236 -34.12225863887308
